10 1e-05
20 1.3e-05
30 1.1e-05
40 1.1e-05
50 1.3e-05
60 1.4e-05
70 1.7e-05
80 2.2e-05
90 2.9e-05
100 2.3e-05
110 4.4e-05
120 2.5e-05
130 5.4e-05
140 2.9e-05
150 7.9e-05
160 7.1e-05
170 5e-05
180 5.4e-05
190 5.4e-05
200 5.8e-05
210 5.8e-05
220 6e-05
230 6.4e-05
240 6.7e-05
250 6.8e-05
260 0.000119
270 6e-05
280 5.9e-05
290 5.5e-05
300 5.9e-05
310 6.2e-05
320 6.5e-05
330 6.8e-05
340 0.000133
350 0.000105
360 6.8e-05
370 6.9e-05
380 7.2e-05
390 7.1e-05
400 7.5e-05
410 0.000124
420 0.000117
430 0.000163
440 0.000161
450 8.5e-05
460 0.000168
470 8.6e-05
480 0.000134
490 0.000135
500 0.000138
510 0.000141
520 0.000106
530 0.000104
540 0.000107
550 0.000218
560 0.000167
570 0.000255
580 0.000262
590 0.000187
600 0.000195
610 0.000183
620 0.000189
630 0.000189
640 0.000126
650 0.000127
660 0.000128
670 0.000135
680 0.000132
690 0.000134
700 0.000136
710 0.000137
720 0.00014
730 0.000139
740 0.000145
750 0.000142
760 0.000142
770 0.000148
780 0.000148
790 0.000155
800 0.000152
810 0.000161
820 0.000156
830 0.000158
840 0.000159
850 0.000248
860 0.000253
870 0.000255
880 0.000257
890 0.000259
900 0.000332
910 0.00027
920 0.000257
930 0.000177
940 0.000263
950 0.000269
960 0.000273
970 0.000274
980 0.000281
990 0.000333
1000 0.000189
1010 0.000279
1020 0.000381
1030 0.000418
1040 0.000209
1050 0.000326
1060 0.000335
1070 0.000315
1080 0.00033
1090 0.000336
1100 0.000342
1110 0.000337
1120 0.000334
1130 0.000378
1140 0.000238
1150 0.000361
1160 0.000232
1170 0.000235
1180 0.000235
1190 0.000263
1200 0.000412
1210 0.000369
1220 0.000377
1230 0.000646
1240 0.000392
1250 0.000248
1260 0.000253
1270 0.00025
1280 0.000388
1290 0.000461
1300 0.000421
1310 0.000403
1320 0.000391
1330 0.00041
1340 0.000404
1350 0.000411
1360 0.000403
1370 0.000418
1380 0.000424
1390 0.000423
1400 0.000275
1410 0.000279
1420 0.000283
1430 0.000442
1440 0.00065
1450 0.000601
1460 0.000427
1470 0.000448
1480 0.000455
1490 0.000451
1500 0.000377
1510 0.000497
1520 0.000456
1530 0.000455
1540 0.000305
1550 0.00046
1560 0.000308
1570 0.00047
1580 0.000309
1590 0.000318
1600 0.000325
1610 0.000318
1620 0.000317
1630 0.000329
1640 0.000338
1650 0.000326
1660 0.000326
1670 0.000342
1680 0.000332
1690 0.000336
1700 0.000339
1710 0.000536
1720 0.000342
1730 0.000775
1740 0.000709
1750 0.000549
1760 0.000535
1770 0.000531
1780 0.000533
1790 0.000558
1800 0.000364
1810 0.000368
1820 0.000367
1830 0.000371
1840 0.000558
1850 0.000376
1860 0.000557
1870 0.000558
1880 0.000386
1890 0.000378
1900 0.000904
1910 0.000574
1920 0.000601
1930 0.000845
1940 0.000581
1950 0.000407
1960 0.000397
1970 0.000407
1980 0.000393
1990 0.000388
2000 0.000398
2010 0.000404
2020 0.000597
2030 0.000654
2040 0.000596
2050 0.000459
2060 0.00089
2070 0.000929
2080 0.00103
2090 0.00068
2100 0.001055
2110 0.001045
2120 0.000696
2130 0.000453
2140 0.000539
2150 0.000479
2160 0.000703
2170 0.000748
2180 0.000706
2190 0.000722
2200 0.000699
2210 0.0011
2220 0.000717
2230 0.001095
2240 0.000772
2250 0.000771
2260 0.00075
2270 0.000777
2280 0.000507
2290 0.000752
2300 0.000503
2310 0.000762
2320 0.000512
2330 0.00052
2340 0.001027
2350 0.000817
2360 0.001082
2370 0.000791
2380 0.00126
2390 0.001462
2400 0.000785
2410 0.001126
2420 0.001087
2430 0.000785
2440 0.000534
2450 0.000528
2460 0.000533
2470 0.000551
2480 0.000546
2490 0.000545
2500 0.000548
2510 0.000551
2520 0.000548
2530 0.000916
2540 0.000562
2550 0.000555
2560 0.000556
2570 0.00055
2580 0.001293
2590 0.00087
2600 0.001064
2610 0.000862
2620 0.000865
2630 0.000586
2640 0.000597
2650 0.000575
2660 0.00086
2670 0.000627
2680 0.000878
2690 0.000894
2700 0.000944
2710 0.001403
2720 0.00091
2730 0.000871
2740 0.000912
2750 0.000911
2760 0.000619
2770 0.000612
2780 0.000911
2790 0.000606
2800 0.000926
2810 0.000663
2820 0.000925
2830 0.000621
2840 0.000959
2850 0.000955
2860 0.000985
2870 0.000946
2880 0.000969
2890 0.00096
2900 0.001454
2910 0.000956
2920 0.000985
2930 0.000975
2940 0.000989
2950 0.000922
2960 0.000658
2970 0.000657
2980 0.000668
2990 0.000968
3000 0.001304
3010 0.001014
3020 0.000996
3030 0.001035
3040 0.001009
3050 0.001024
3060 0.001559
3070 0.00101
3080 0.001069
3090 0.000712
3100 0.001064
3110 0.001055
3120 0.001062
3130 0.001066
3140 0.001042
3150 0.001066
3160 0.001049
3170 0.001548
3180 0.001456
3190 0.000753
3200 0.001091
3210 0.001103
3220 0.001061
3230 0.001111
3240 0.001095
3250 0.001122
3260 0.001122
3270 0.001102
3280 0.000783
3290 0.001111
3300 0.000784
3310 0.000759
3320 0.001647
3330 0.001138
3340 0.001139
3350 0.001164
3360 0.00115
3370 0.001731
3380 0.00115
3390 0.00115
3400 0.000801
3410 0.00155
3420 0.001169
3430 0.00118
3440 0.001193
3450 0.001332
3460 0.001762
3470 0.001205
3480 0.001612
3490 0.001366
3500 0.000821
3510 0.001221
3520 0.001246
3530 0.000808
3540 0.001842
3550 0.001992
3560 0.001772
3570 0.001925
3580 0.002037
3590 0.001257
3600 0.000832
3610 0.000839
3620 0.000858
3630 0.00087
3640 0.000826
3650 0.00085
3660 0.000842
3670 0.000842
3680 0.000855
3690 0.0017
3700 0.000877
3710 0.00088
3720 0.000882
3730 0.000867
3740 0.001298
3750 0.001261
3760 0.001366
3770 0.001328
3780 0.000888
3790 0.001523
3800 0.002039
3810 0.00135
3820 0.001351
3830 0.00094
3840 0.001343
3850 0.000924
3860 0.001372
3870 0.001377
3880 0.001413
3890 0.00147
3900 0.001622
3910 0.001377
3920 0.001381
3930 0.001387
3940 0.00138
3950 0.002099
3960 0.002048
3970 0.001407
3980 0.001761
3990 0.001907
4000 0.001651
4010 0.000939
4020 0.000958
4030 0.000966
4040 0.001892
4050 0.000941
4060 0.001441
4070 0.001189
4080 0.000995
4090 0.002124
4100 0.001145
4110 0.002137
4120 0.001063
4130 0.001563
4140 0.001129
4150 0.001566
4160 0.00155
4170 0.002678
4180 0.001682
4190 0.001572
4200 0.001088
4210 0.001076
4220 0.001588
4230 0.001154
4240 0.001094
4250 0.001235
4260 0.00182
4270 0.001623
4280 0.002038
4290 0.002879
4300 0.001199
4310 0.001694
4320 0.002242
4330 0.001809
4340 0.002428
4350 0.001754
4360 0.001102
4370 0.001131
4380 0.001106
4390 0.002503
4400 0.002683
4410 0.0023
4420 0.002326
4430 0.001161
4440 0.002327
4450 0.00229
4460 0.001722
4470 0.001151
4480 0.001143
4490 0.001753
4500 0.00177
4510 0.001737
4520 0.0018
4530 0.001189
4540 0.00122
4550 0.001184
4560 0.001183
4570 0.001196
4580 0.001174
4590 0.001188
4600 0.001909
4610 0.001205
4620 0.001961
4630 0.002299
4640 0.001221
4650 0.001989
4660 0.001537
4670 0.001832
4680 0.001924
4690 0.001947
4700 0.001928
4710 0.001925
4720 0.001957
4730 0.003093
4740 0.002388
4750 0.00232
4760 0.00124
4770 0.001885
4780 0.00189
4790 0.001244
4800 0.002004
4810 0.001257
4820 0.001874
4830 0.001884
4840 0.001912
4850 0.001913
4860 0.001386
4870 0.001298
4880 0.001275
4890 0.001273
4900 0.001276
4910 0.002929
4920 0.00193
4930 0.002055
4940 0.001316
4950 0.001299
4960 0.001301
4970 0.001991
4980 0.002155
4990 0.001325
5000 0.002319
5010 0.002008
5020 0.001995
5030 0.001727
5040 0.001379
5050 0.001338
5060 0.001377
5070 0.001353
5080 0.002248
5090 0.001385
5100 0.00205
5110 0.001379
5120 0.002235
5130 0.001393
5140 0.001362
5150 0.001424
5160 0.001738
5170 0.00141
5180 0.001375
5190 0.002044
5200 0.002045
5210 0.002246
5220 0.002237
5230 0.003036
5240 0.002133
5250 0.00283
5260 0.001435
5270 0.002114
5280 0.002127
5290 0.002109
5300 0.001473
5310 0.00228
5320 0.002996
5330 0.001539
5340 0.00217
5350 0.002177
5360 0.002185
5370 0.002356
5380 0.001466
5390 0.002257
5400 0.001493
5410 0.001449
5420 0.001519
5430 0.001555
5440 0.001443
5450 0.001445
5460 0.001439
5470 0.001464
5480 0.001649
5490 0.001643
5500 0.001515
5510 0.00248
5520 0.001697
5530 0.00253
5540 0.002297
5550 0.002216
5560 0.001474
5570 0.001499
5580 0.001513
5590 0.001559
5600 0.001563
5610 0.001556
5620 0.003273
5630 0.002261
5640 0.002119
5650 0.002864
5660 0.00351
5670 0.0023
5680 0.003982
5690 0.001543
5700 0.001611
5710 0.001568
5720 0.001542
5730 0.002011
5740 0.001547
5750 0.00155
5760 0.001552
5770 0.001559
5780 0.00162
5790 0.001597
5800 0.001588
5810 0.001568
5820 0.002014
5830 0.002475
5840 0.002345
5850 0.001822
5860 0.001597
5870 0.001605
5880 0.001806
5890 0.001929
5900 0.001622
5910 0.002451
5920 0.002494
5930 0.002401
5940 0.002442
5950 0.002452
5960 0.002871
5970 0.002471
5980 0.001834
5990 0.001754
6000 0.00173
6010 0.002703
6020 0.001671
6030 0.002577
6040 0.002743
6050 0.003712
6060 0.002542
6070 0.002617
6080 0.002551
6090 0.001698
6100 0.003324
6110 0.00169
6120 0.002186
6130 0.002655
6140 0.002054
6150 0.002643
6160 0.001732
6170 0.001771
6180 0.0027
6190 0.002393
6200 0.002561
6210 0.00179
6220 0.002502
6230 0.003551
6240 0.001843
6250 0.00187
6260 0.001809
6270 0.001805
6280 0.001752
6290 0.003252
6300 0.0029
6310 0.002639
6320 0.002614
6330 0.004212
6340 0.001812
6350 0.001813
6360 0.001809
6370 0.001793
6380 0.001849
6390 0.002841
6400 0.002886
6410 0.002129
6420 0.001828
6430 0.001911
6440 0.001918
6450 0.002345
6460 0.001858
6470 0.002259
6480 0.002144
6490 0.002863
6500 0.001925
6510 0.002743
6520 0.002768
6530 0.001899
6540 0.001953
6550 0.00194
6560 0.00376
6570 0.002938
6580 0.001888
6590 0.00293
6600 0.002922
6610 0.003221
6620 0.003953
6630 0.003271
6640 0.00206
6650 0.002896
6660 0.003049
6670 0.002054
6680 0.004258
6690 0.001912
6700 0.003284
6710 0.003018
6720 0.00192
6730 0.003494
6740 0.00194
6750 0.002906
6760 0.001963
6770 0.001958
6780 0.00199
6790 0.001928
6800 0.002023
6810 0.002295
6820 0.002862
6830 0.00287
6840 0.002897
6850 0.004357
6860 0.005404
6870 0.003021
6880 0.002995
6890 0.001962
6900 0.002004
6910 0.001996
6920 0.002001
6930 0.002067
6940 0.002005
6950 0.002284
6960 0.001998
6970 0.003049
6980 0.002554
6990 0.003229
7000 0.002639
7010 0.005991
7020 0.003052
7030 0.003069
7040 0.00205
7050 0.002076
7060 0.003287
7070 0.004273
7080 0.002094
7090 0.002049
7100 0.00206
7110 0.003239
7120 0.002191
7130 0.002165
7140 0.00358
7150 0.003193
7160 0.004935
7170 0.00209
7180 0.002845
7190 0.002186
7200 0.003926
7210 0.004316
7220 0.003184
7230 0.003204
7240 0.003016
7250 0.002296
7260 0.0031
7270 0.003203
7280 0.002155
7290 0.003215
7300 0.004296
7310 0.004243
7320 0.002775
7330 0.002122
7340 0.004431
7350 0.004167
7360 0.004692
7370 0.002183
7380 0.002314
7390 0.00339
7400 0.003231
7410 0.002754
7420 0.00334
7430 0.005067
107e-06
20 2.5e-05
30 1.7e-05
40 1.3e-05
50 1.4e-05
60 1.5e-05
70 2.8e-05
80 1.8e-05
90 2.8e-05
1002e-05
110 2.2e-05
120 3.4e-05
130 4.1e-05
140 4.5e-05
150 4.5e-05
160 4.8e-05
170 4.9e-05
180 5.4e-05
190 5.4e-05
200 5.6e-05
210 6.2e-05
220 6.9e-05
230 6.3e-05
240 6.6e-05
250 6.9e-05
260 8.1e-05
270 8.1e-05
280 9.2e-05
290 8.5e-05
3009e-05
310 9.1e-05
320 6.1e-05
330 6.3e-05
340 6.5e-05
350 6.7e-05
3607e-05
370 6.9e-05
380 8.5e-05
390 7.3e-05
4009e-05
410 7.6e-05
420 7.9e-05
430 8.1e-05
440 8.4e-05
450 8.3e-05
460 0.000107
470 0.000129
480 0.000176
490 9.1e-05
5009e-05
510 8.9e-05
520 0.000159
530 0.000167
540 0.000106
550 0.000162
560 0.000111
570 0.000168
580 0.000114
590 0.000173
600 0.000172
610 0.000178
620 0.000188
630 0.000122
640 0.000127
650 0.000127
660 0.000129
670 0.000192
680 0.000131
690 0.000133
700 0.000206
710 0.000135
720 0.000136
730 0.000145
740 0.00021
750 0.000223
760 0.000173
770 0.000148
780 0.000144
790 0.00015
800 0.000173
810 0.000156
820 0.000344
830 0.00023
840 0.000319
850 0.000245
860 0.00028
870 0.000254
880 0.000171
890 0.000254
900 0.000273
910 0.000259
920 0.000254
930 0.000276
940 0.000173
950 0.000177
960 0.000407
970 0.000272
980 0.000437
990 0.00028
1000 0.000282
1010 0.00019
1020 0.000205
1030 0.00021
1040 0.000316
1050 0.000209
1060 0.000319
1070 0.000325
1080 0.00033
1090 0.000336
1100 0.000235
1110 0.000225
1120 0.000349
1130 0.000245
1140 0.00034
1150 0.000234
1160 0.000348
1170 0.000352
1180 0.000358
1190 0.000356
1200 0.000361
1210 0.000363
1220 0.000353
1230 0.000364
1240 0.000377
1250 0.000371
1260 0.000556
1270 0.000266
1280 0.000256
1290 0.000282
1300 0.00027
1310 0.000271
1320 0.0004
1330 0.000397
1340 0.000272
1350 0.000421
1360 0.000416
1370 0.000414
1380 0.000434
1390 0.000416
1400 0.000421
1410 0.000558
1420 0.000547
1430 0.000286
1440 0.000289
1450 0.00044
1460 0.00043
1470 0.000443
1480 0.000452
1490 0.000445
1500 0.000447
1510 0.000443
1520 0.000442
1530 0.000458
1540 0.000459
1550 0.000471
1560 0.000633
1570 0.000461
1580 0.000466
1590 0.000475
1600 0.000535
1610 0.000324
1620 0.000489
1630 0.000483
1640 0.000486
1650 0.000493
1660 0.000494
1670 0.000565
1680 0.000522
1690 0.000497
1700 0.000365
1710 0.000509
1720 0.000513
1730 0.000522
1740 0.000717
1750 0.000704
1760 0.000702
1770 0.000533
1780 0.000531
1790 0.000523
1800 0.000533
1810 0.000558
1820 0.00055
1830 0.000566
1840 0.000564
1850 0.000564
1860 0.000609
1870 0.000381
1880 0.00069
1890 0.000372
1900 0.000573
1910 0.000383
1920 0.000385
1930 0.000589
1940 0.000585
1950 0.000586
1960 0.000587
1970 0.000596
1980 0.000605
1990 0.000596
2000 0.000635
2010 0.000685
2020 0.000592
2030 0.000403
2040 0.000408
2050 0.000658
2060 0.000664
2070 0.000668
2080 0.000465
2090 0.000456
2100 0.001
2110 0.000692
2120 0.000756
2130 0.000696
2140 0.000689
2150 0.000726
2160 0.000687
2170 0.000494
2180 0.000469
2190 0.00048
2200 0.000492
2210 0.000485
2220 0.000713
2230 0.000724
2240 0.000484
2250 0.000495
2260 0.000499
2270 0.000498
2280 0.000499
2290 0.000761
2300 0.001042
2310 0.000754
2320 0.000757
2330 0.000829
2340 0.000512
2350 0.000518
2360 0.000502
2370 0.000514
2380 0.000537
2390 0.000528
2400 0.000559
2410 0.000534
2420 0.000803
2430 0.000798
2440 0.000588
2450 0.000934
2460 0.000809
2470 0.000831
2480 0.000816
2490 0.000804
2500 0.000548
2510 0.000549
2520 0.000589
2530 0.000557
2540 0.000544
2550 0.000563
2560 0.000785
2570 0.00158
2580 0.00086
2590 0.000837
2600 0.000586
2610 0.001203
2620 0.001215
2630 0.0014
2640 0.001292
2650 0.000886
2660 0.000921
2670 0.000922
2680 0.000966
2690 0.0009
2700 0.000608
2710 0.000607
2720 0.000602
2730 0.001199
2740 0.000598
2750 0.000901
2760 0.000628
2770 0.000904
2780 0.000603
2790 0.001187
2800 0.000945
2810 0.00091
2820 0.000942
2830 0.000619
2840 0.00064
2850 0.000642
2860 0.000639
2870 0.000648
2880 0.000949
2890 0.001302
2900 0.00097
2910 0.000964
2920 0.000992
2930 0.000984
2940 0.001002
2950 0.000642
2960 0.000669
2970 0.00067
2980 0.000659
2990 0.00068
3000 0.001064
3010 0.001032
3020 0.001002
3030 0.001043
3040 0.001028
3050 0.000671
3060 0.000688
3070 0.000681
3080 0.000692
3090 0.000695
3100 0.001041
3110 0.001038
3120 0.001075
3130 0.001065
3140 0.000711
3150 0.000706
3160 0.001628
3170 0.00077
3180 0.000797
3190 0.00118
3200 0.001104
3210 0.000782
3220 0.001147
3230 0.001186
3240 0.001162
3250 0.001107
3260 0.001104
3270 0.001666
3280 0.001115
3290 0.001671
3300 0.001114
3310 0.00113
3320 0.00116
3330 0.0008
3340 0.000752
3350 0.001153
3360 0.000771
3370 0.000768
3380 0.0013
3390 0.00158
3400 0.00155
3410 0.001049
3420 0.001053
3430 0.001062
3440 0.001091
3450 0.0011
3460 0.00111
3470 0.001102
3480 0.001088
3490 0.001101
3500 0.000835
3510 0.000827
3520 0.000965
3530 0.000848
3540 0.000824
3550 0.000888
3560 0.000897
3570 0.000869
3580 0.000838
3590 0.000855
3600 0.001351
3610 0.001346
3620 0.001283
3630 0.001252
3640 0.000842
3650 0.000857
3660 0.000931
3670 0.000848
3680 0.001276
3690 0.000973
3700 0.001271
3710 0.00127
3720 0.001307
3730 0.001321
3740 0.001901
3750 0.00131
3760 0.000872
3770 0.001328
3780 0.001372
3790 0.000883
3800 0.001824
3810 0.001259
3820 0.001342
3830 0.001346
3840 0.001338
3850 0.001549
3860 0.001371
3870 0.001403
3880 0.000922
3890 0.001325
3900 0.001223
3910 0.00094
3920 0.001375
3930 0.001365
3940 0.001367
3950 0.001357
3960 0.001394
3970 0.00207
3980 0.001424
3990 0.002123
4000 0.002652
4010 0.002017
4020 0.001955
4030 0.001937
4040 0.001423
4050 0.001447
4060 0.001457
4070 0.002188
4080 0.001424
4090 0.001425
4100 0.00101
4110 0.001039
4120 0.001041
4130 0.001075
4140 0.001071
4150 0.001052
4160 0.001063
4170 0.001075
4180 0.001056
4190 0.001052
4200 0.001622
4210 0.001786
4220 0.001797
4230 0.001607
4240 0.001087
4250 0.001106
4260 0.001108
4270 0.001089
4280 0.002469
4290 0.001656
4300 0.002052
4310 0.001675
4320 0.002323
4330 0.001125
4340 0.001161
4350 0.001131
4360 0.002269
4370 0.001688
4380 0.001313
4390 0.0011
4400 0.001129
4410 0.001928
4420 0.001144
4430 0.00122
4440 0.001692
4450 0.002055
4460 0.001828
4470 0.001754
4480 0.001725
4490 0.001242
4500 0.001198
4510 0.001772
4520 0.001197
4530 0.001889
4540 0.002697
4550 0.001889
4560 0.001729
4570 0.001228
4580 0.001243
4590 0.002063
4600 0.001816
4610 0.001199
4620 0.001397
4630 0.001214
4640 0.001837
4650 0.001835
4660 0.001904
4670 0.001829
4680 0.001847
4690 0.001276
4700 0.001285
4710 0.001234
4720 0.001255
4730 0.001262
4740 0.002474
4750 0.001253
4760 0.001266
4770 0.002037
4780 0.002185
4790 0.002377
4800 0.001231
4810 0.001879
4820 0.001888
4830 0.001682
4840 0.001885
4850 0.001911
4860 0.0026
4870 0.001413
4880 0.001273
4890 0.00199
4900 0.001942
4910 0.001272
4920 0.001907
4930 0.0021
4940 0.00197
4950 0.002702
4960 0.001293
4970 0.001573
4980 0.001322
4990 0.001325
5000 0.002229
5010 0.001314
5020 0.001986
5030 0.00135
5040 0.001974
5050 0.002065
5060 0.001343
5070 0.002092
5080 0.002747
5090 0.002236
5100 0.002253
5110 0.00137
5120 0.001354
5130 0.002174
5140 0.002061
5150 0.002165
5160 0.002223
5170 0.002119
5180 0.001587
5190 0.002043
5200 0.001423
5210 0.001435
5220 0.002227
5230 0.002049
5240 0.001405
5250 0.001586
5260 0.002294
5270 0.002394
5280 0.001449
5290 0.001721
5300 0.00189
5310 0.002181
5320 0.002157
5330 0.002124
5340 0.003275
5350 0.001537
5360 0.002148
5370 0.002178
5380 0.001457
5390 0.002185
5400 0.002403
5410 0.002207
5420 0.001492
5430 0.002202
5440 0.003561
5450 0.001696
5460 0.002587
5470 0.001533
5480 0.001479
5490 0.002244
5500 0.003067
5510 0.001533
5520 0.002434
5530 0.002703
5540 0.00168
5550 0.001498
5560 0.002282
5570 0.002466
5580 0.002291
5590 0.003057
5600 0.003529
5610 0.001704
5620 0.003362
5630 0.002422
5640 0.002318
5650 0.002469
5660 0.001638
5670 0.002352
5680 0.002977
5690 0.001578
5700 0.001598
5710 0.002298
5720 0.002648
5730 0.002249
5740 0.001659
5750 0.001642
5760 0.001813
5770 0.001759
5780 0.002323
5790 0.001826
5800 0.001682
5810 0.001641
5820 0.001798
5830 0.002481
5840 0.003742
5850 0.002737
5860 0.002637
5870 0.002461
5880 0.002448
5890 0.002662
5900 0.001651
5910 0.001638
5920 0.00282
5930 0.002585
5940 0.002463
5950 0.002695
5960 0.00257
5970 0.001713
5980 0.002895
5990 0.002926
6000 0.002596
6010 0.00369
6020 0.002569
6030 0.002016
6040 0.001655
6050 0.001756
6060 0.001641
6070 0.001901
6080 0.003568
6090 0.003687
6100 0.001705
6110 0.001679
6120 0.002714
6130 0.002656
6140 0.002002
6150 0.00174
6160 0.001777
6170 0.001817
6180 0.001803
6190 0.003597
6200 0.0027
6210 0.001802
6220 0.002909
6230 0.002861
6240 0.001928
6250 0.001727
6260 0.001929
6270 0.00348
6280 0.003748
6290 0.004473
6300 0.001909
6310 0.001874
6320 0.001904
6330 0.002378
6340 0.002843
6350 0.002646
6360 0.001835
6370 0.00281
6380 0.001917
6390 0.002959
6400 0.001802
6410 0.002743
6420 0.003226
6430 0.002652
6440 0.001837
6450 0.002091
6460 0.001839
6470 0.002196
6480 0.001884
6490 0.001873
6500 0.002536
6510 0.002744
6520 0.002966
6530 0.001915
6540 0.001892
6550 0.002886
6560 0.002976
6570 0.001886
6580 0.003656
6590 0.00323
6600 0.002885
6610 0.002969
6620 0.001899
6630 0.001869
6640 0.002188
6650 0.002954
6660 0.001986
6670 0.001986
6680 0.004115
6690 0.002918
6700 0.00562
6710 0.003522
6720 0.002975
6730 0.00203
6740 0.002392
6750 0.001996
6760 0.001951
6770 0.002703
6780 0.002904
6790 0.002397
6800 0.001965
6810 0.002007
6820 0.002273
6830 0.002005
6840 0.002564
6850 0.002142
6860 0.002039
6870 0.002014
6880 0.002018
6890 0.002575
6900 0.002573
6910 0.001992
6920 0.004501
6930 0.00301
6940 0.002782
6950 0.002571
6960 0.002065
6970 0.003103
6980 0.002477
6990 0.002326
7000 0.002085
7010 0.00367
7020 0.002783
7030 0.002088
7040 0.002349
7050 0.00308
7060 0.002345
7070 0.002196
7080 0.00326
7090 0.003324
7100 0.002195
7110 0.00263
7120 0.002211
7130 0.002428
7140 0.004777
7150 0.002276
7160 0.00523
7170 0.002392
7180 0.002259
7190 0.002435
7200 0.003749
7210 0.003659
7220 0.003199
7230 0.002557
7240 0.003909
7250 0.002417
7260 0.002552
7270 0.003197
7280 0.002208
7290 0.002254
7300 0.003902
7310 0.003321
7320 0.002655
7330 0.002748
7340 0.002244
7350 0.002503
7360 0.00359
7370 0.002199
7380 0.002269
7390 0.002403
7400 0.002231
7410 0.002332
7420 0.002233
7430 0.003534
7440 0.003901
7450 0.002272
7460 0.002515
7470 0.004128
7480 0.003713
7490 0.002864
7500 0.002528
7510 0.002314
7520 0.003467
7530 0.003214
7540 0.003878
7550 0.002398
7560 0.002802
7570 0.002349
7580 0.002388
7590 0.00415
7600 0.003765
7610 0.003749
7620 0.002412
7630 0.002497
7640 0.002373
7650 0.004687
7660 0.002784
7670 0.00377
7680 0.0025
7690 0.002921
7700 0.002677
7710 0.002337
7720 0.003846
7730 0.003023
7740 0.004031
7750 0.003746
7760 0.002651
7770 0.004187
7780 0.002498
7790 0.002913
7800 0.002419
7810 0.003305
7820 0.002441
7830 0.002494
7840 0.003815
7850 0.002948
7860 0.003636
7870 0.003184
7880 0.003872
7890 0.002418
7900 0.002429
7910 0.003178
7920 0.003753
7930 0.004863
7940 0.003625
7950 0.003924
7960 0.002563
7970 0.00267
7980 0.003726
7990 0.004608
8000 0.002544
8010 0.003038
8020 0.005555
8030 0.003966
8040 0.003103
8050 0.004538
8060 0.003204
8070 0.002655
8080 0.002944
8090 0.002525
8100 0.003113
8110 0.002683
8120 0.003823
8130 0.002626
8140 0.002563
8150 0.002694
8160 0.004627
8170 0.004446
8180 0.002529
8190 0.002644
8200 0.002721
8210 0.002724
8220 0.004155
8230 0.003104
8240 0.004887
8250 0.004708
8260 0.002734
8270 0.004439
8280 0.00298
8290 0.003481
8300 0.005655
8310 0.004418
8320 0.004481
8330 0.003417
8340 0.00274
8350 0.003052
8360 0.002851
8370 0.002781
8380 0.002896
8390 0.00283
8400 0.002947
8410 0.002856
8420 0.002799
8430 0.002876
8440 0.002859
8450 0.002945
8460 0.004195
8470 0.005609
8480 0.003371
8490 0.002825
8500 0.003064
8510 0.004339
8520 0.004429
8530 0.002889
8540 0.004518
8550 0.002906
8560 0.004571
8570 0.002857
8580 0.006088
8590 0.005512
8600 0.002938
8610 0.005552
8620 0.003086
8630 0.002893
8640 0.002876
8650 0.00291
8660 0.002915
8670 0.002985
8680 0.003027
8690 0.002971
8700 0.007228
8710 0.004933
8720 0.004426
8730 0.00297
8740 0.004427
8750 0.005959
8760 0.005052
8770 0.00439
8780 0.005988
8790 0.003018
8800 0.004984
8810 0.004394
8820 0.003082
8830 0.00447
8840 0.003443
8850 0.003153
8860 0.003135
8870 0.006171
8880 0.003004
8890 0.003004
8900 0.003048
8910 0.003002
8920 0.003069
8930 0.003105
8940 0.003296
8950 0.003084
8960 0.004149
8970 0.003098
8980 0.003117
8990 0.003082
9000 0.003129
9010 0.003146
9020 0.006206
9030 0.003176
9040 0.003159
9050 0.007072
9060 0.00495
9070 0.006726
9080 0.003963
9090 0.004814
9100 0.004315
9110 0.00326
9120 0.005054
9130 0.004265
9140 0.003217
9150 0.005749
9160 0.007237
9170 0.003289
9180 0.003205
9190 0.0034
9200 0.00359
9210 0.003475
9220 0.004609
9230 0.003335
9240 0.003598
9250 0.003515
9260 0.005441
9270 0.003416
9280 0.004971
9290 0.003693
9300 0.0053
9310 0.00719
9320 0.003798
9330 0.003555
9340 0.005207
9350 0.003794
9360 0.003451
9370 0.003699
9380 0.003495
9390 0.00489
9400 0.007416
9410 0.00345
9420 0.004034
9430 0.004372
9440 0.005583
9450 0.004018
9460 0.004099
9470 0.003455
9480 0.005227
9490 0.005394
9500 0.005773
9510 0.005633
9520 0.003637
9530 0.004877
9540 0.004129
9550 0.003549
9560 0.003818
9570 0.003661
9580 0.007366
9590 0.003728
9600 0.003573
9610 0.006272
9620 0.005504
9630 0.00534
9640 0.004689
9650 0.004208
9660 0.00665
9670 0.005887
9680 0.003651
9690 0.005874
9700 0.003692
9710 0.004587
9720 0.005086
9730 0.003722
9740 0.006271
9750 0.003978
9760 0.00592
9770 0.003988
9780 0.004098
9790 0.005036
9800 0.005536
9810 0.006123
9820 0.005478
9830 0.003883
9840 0.004016
9850 0.005796
9860 0.00382
9870 0.005893
9880 0.005332
9890 0.005558
9900 0.005832
9910 0.006288
9920 0.006215
9930 0.005723
9940 0.003982
9950 0.003832
9960 0.004053
9970 0.005547
9980 0.004963
9990 0.007537
10000 0.007173
10010 0.005798
10020 0.004831
10030 0.006899
10040 0.005897
10050 0.004025
10060 0.00418
10070 0.005317
10080 0.003993
10090 0.003855
10100 0.005932
10110 0.007131
10120 0.003842
10130 0.006686
10140 0.005785
10150 0.004025
10160 0.005072
10170 0.003826
10180 0.006352
10190 0.007889
10200 0.004089
10210 0.005845
10220 0.007417
10230 0.004044
10240 0.004174
10250 0.004017
10260 0.004034
10270 0.007515
10280 0.007876
10290 0.006201
10300 0.008032
10310 0.006042
10320 0.005588
10330 0.008181
10340 0.008475
10350 0.003967
10360 0.005736
10370 0.005514
10380 0.007934
10390 0.008232
10400 0.008425
10410 0.007567
10420 0.0069
10430 0.004324
10440 0.004028
10450 0.006383
10460 0.007907
10470 0.006829
10480 0.004244
10490 0.004198
10500 0.004917
10510 0.005491
10520 0.005161
10530 0.006897
10540 0.006924
10550 0.004217
10560 0.006057
10570 0.004197
10580 0.004276
10590 0.006581
10600 0.007505
10610 0.005516
10620 0.00578
10630 0.004506
10640 0.008162
10650 0.007893
10660 0.007964
10670 0.004543
10680 0.006572
10690 0.00618
10700 0.004339
10710 0.004359
10720 0.00464
10730 0.005173
10740 0.005841
10750 0.004363
10760 0.00432
10770 0.006663
10780 0.004414
10790 0.009623
10800 0.006264
10810 0.005909
10820 0.007697
10830 0.004595
10840 0.005779
10850 0.004853
10860 0.009833
10870 0.00606
10880 0.004642
10890 0.007531
10900 0.004641
10910 0.004533
10920 0.004547
10930 0.008987
10940 0.004444
10950 0.004723
10960 0.004919
10970 0.00704
10980 0.00712
10990 0.004647
11000 0.006667
11010 0.007343
11020 0.00503
11030 0.007216
11040 0.006928
11050 0.010061
11060 0.010094
11070 0.007275
11080 0.004535
11090 0.006381
11100 0.007898
11110 0.007446
11120 0.00706
11130 0.009645
11140 0.007843
11150 0.007119
11160 0.005199
11170 0.008699
11180 0.00608
11190 0.004942
11200 0.004799
11210 0.004645
11220 0.00686
11230 0.005911
11240 0.008901
11250 0.007946
11260 0.004775
11270 0.004723
11280 0.004725
11290 0.006154
11300 0.004841
11310 0.004673
11320 0.006892
11330 0.009128
11340 0.006965
11350 0.006552
11360 0.007708
11370 0.007876
11380 0.005832
11390 0.004974
11400 0.004875
11410 0.007335
11420 0.006659
11430 0.004879
11440 0.00485
11450 0.004959
11460 0.006579
11470 0.007454
11480 0.00656
11490 0.00499
11500 0.007173
11510 0.010014
11520 0.007657
11530 0.00964
11540 0.00497
11550 0.006925
11560 0.009157
11570 0.009054
11580 0.008675
11590 0.010348
11600 0.004988
11610 0.007674
11620 0.008094
11630 0.004939
11640 0.007304
11650 0.007961
11660 0.004955
11670 0.009363
11680 0.008989
11690 0.004967
11700 0.006268
11710 0.00829
11720 0.00543
11730 0.005566
11740 0.005008
11750 0.008672
11760 0.009299
11770 0.006792
11780 0.005908
11790 0.007853
11800 0.005094
11810 0.006992
11820 0.009587
11830 0.007747
11840 0.005475
11850 0.009659
11860 0.005309
11870 0.007708
11880 0.005211
11890 0.005458
11900 0.005363
11910 0.005287
11920 0.005195
11930 0.005158
11940 0.005241
11950 0.005111
11960 0.005219
11970 0.005671
11980 0.00768
11990 0.005226
12000 0.005543
12010 0.00533
12020 0.007235
12030 0.007881
12040 0.005211
12050 0.007588
12060 0.007003
12070 0.007774
12080 0.005903
12090 0.006795
12100 0.008472
12110 0.005667
12120 0.005728
12130 0.005661
12140 0.005417
12150 0.006177
12160 0.005961
12170 0.008139
12180 0.011264
12190 0.008287
12200 0.005999
12210 0.008709
12220 0.006626
12230 0.00539
12240 0.005822
12250 0.010666
12260 0.008663
12270 0.008285
12280 0.007375
12290 0.008839
12300 0.00915
12310 0.008382
12320 0.007729
12330 0.010067
12340 0.005614
12350 0.006743
12360 0.011453
12370 0.00915
12380 0.007162
12390 0.011608
12400 0.010302
12410 0.008459
12420 0.007161
12430 0.00991
12440 0.005637
12450 0.005754
12460 0.007342
12470 0.005857
12480 0.009554
12490 0.0058
12500 0.008443
12510 0.005871
12520 0.009226
12530 0.01209
12540 0.007906
12550 0.008113
12560 0.009268
12570 0.007765
12580 0.00756
12590 0.006126
12600 0.006123
12610 0.006612
12620 0.008349
12630 0.008742
12640 0.005926
12650 0.005865
12660 0.005872
12670 0.005971
12680 0.00912
12690 0.006033
12700 0.005847
12710 0.006218
12720 0.006006
12730 0.006104
12740 0.011409
12750 0.005818
12760 0.00581
12770 0.00867
12780 0.005946
12790 0.006566
12800 0.006596
12810 0.008872
12820 0.007804
12830 0.010085
12840 0.01034
12850 0.011312
12860 0.005911
12870 0.010718
12880 0.006049
12890 0.006071
12900 0.006262
12910 0.006117
12920 0.006251
12930 0.010627
12940 0.00942
12950 0.01121
12960 0.010638
12970 0.008553
12980 0.006179
12990 0.006215
13000 0.008125
13010 0.006388
13020 0.006782
13030 0.009546
13040 0.006119
13050 0.006236
13060 0.006338
13070 0.006261
13080 0.007828
13090 0.008781
13100 0.006089
13110 0.006252
13120 0.006274
13130 0.00644
13140 0.008027
13150 0.006308
13160 0.006276
13170 0.006357
13180 0.007081
13190 0.009679
13200 0.008409
13210 0.006592
13220 0.006352
13230 0.006154
13240 0.011621
13250 0.008727
13260 0.009142
13270 0.006825
13280 0.007295
13290 0.008327
13300 0.006518
13310 0.009033
13320 0.012568
13330 0.010729
13340 0.00922
13350 0.009318
13360 0.006483
13370 0.009167
13380 0.012717
13390 0.00924
13400 0.007063
13410 0.006928
13420 0.006494
13430 0.00677
13440 0.012896
13450 0.006404
13460 0.007447
13470 0.008566
13480 0.006622
13490 0.006676
13500 0.006571
13510 0.006864
13520 0.006846
13530 0.006501
13540 0.011531
13550 0.011592
13560 0.008578
13570 0.006787
13580 0.009815
13590 0.010727
13600 0.007303
13610 0.006565
13620 0.006825
13630 0.007173
13640 0.0076
13650 0.009912
13660 0.011168
13670 0.00693
13680 0.006931
13690 0.006649
13700 0.007314
13710 0.006853
13720 0.006967
13730 0.006872
13740 0.006738
13750 0.006806
13760 0.007014
13770 0.006705
13780 0.006899
13790 0.00677
13800 0.007107
13810 0.007644
13820 0.008129
13830 0.006919
13840 0.007085
13850 0.006855
13860 0.007248
13870 0.006814
13880 0.006846
13890 0.008009
13900 0.010634
13910 0.007935
13920 0.007155
13930 0.008927
13940 0.00709
13950 0.006824
13960 0.006946
13970 0.012446
13980 0.006886
13990 0.00855
14000 0.007336
14010 0.011569
14020 0.009791
14030 0.010092
14040 0.009026
14050 0.007158
14060 0.009595
14070 0.010622
14080 0.010691
14090 0.010767
14100 0.012231
14110 0.010961
14120 0.008213
14130 0.008752
14140 0.008328
14150 0.012854
14160 0.009028
14170 0.00735
14180 0.007228
14190 0.010351
14200 0.007343
14210 0.007243
14220 0.010207
14230 0.008601
14240 0.011996
14250 0.010408
14260 0.012088
14270 0.007072
14280 0.012549
14290 0.009597
14300 0.011771
14310 0.007904
14320 0.007304
14330 0.009463
14340 0.008229
14350 0.010917
14360 0.010915
14370 0.011689
14380 0.011508
14390 0.009581
14400 0.009019
14410 0.010529
14420 0.010647
14430 0.007231
14440 0.007345
14450 0.007535
14460 0.007437
14470 0.008315
14480 0.008594
14490 0.009974
14500 0.015037
14510 0.010686
14520 0.008869
14530 0.010778
14540 0.007467
14550 0.009083
14560 0.01328
14570 0.012819
14580 0.007548
14590 0.007435
14600 0.01265
14610 0.007598
14620 0.011349
14630 0.011171
14640 0.009174
14650 0.010329
14660 0.011069
14670 0.011324
14680 0.011862
14690 0.00925
14700 0.007622
14710 0.008218
14720 0.008298
14730 0.011029
14740 0.008566
14750 0.008084
14760 0.007846
14770 0.008174
14780 0.007874
14790 0.008122
14800 0.012936
14810 0.010559
14820 0.012001
14830 0.010921
14840 0.010874
14850 0.012719
14860 0.007672
14870 0.012232
14880 0.008516
14890 0.009569
14900 0.008943
14910 0.008656
14920 0.009896
14930 0.010655
14940 0.007893
14950 0.00794
14960 0.00827
14970 0.010534
14980 0.01037
14990 0.011478
15000 0.007872
15010 0.015436
15020 0.012234
15030 0.009663
15040 0.012423
15050 0.011483
15060 0.008048
15070 0.012267
15080 0.011022
15090 0.009628
15100 0.008197
15110 0.008122
15120 0.010735
15130 0.009443
15140 0.012713
15150 0.009206
15160 0.011201
15170 0.009654
15180 0.008115
15190 0.010182
15200 0.010595
15210 0.012479
15220 0.008593
15230 0.007899
15240 0.011012
15250 0.011708
15260 0.011115
15270 0.012464
15280 0.010028
15290 0.012346
15300 0.008448
15310 0.012952
15320 0.009116
15330 0.011055
15340 0.009783
15350 0.011243
15360 0.008666
15370 0.008207
15380 0.013145
15390 0.01224
15400 0.009483
15410 0.010201
15420 0.0087
15430 0.015769
15440 0.008622
15450 0.012159
15460 0.010271
15470 0.008528
15480 0.008328
15490 0.012585
15500 0.009281
15510 0.008518
15520 0.011291
15530 0.015533
15540 0.008661
15550 0.013225
15560 0.01169
15570 0.012651
15580 0.009041
15590 0.00957
15600 0.014215
15610 0.012911
15620 0.008588
15630 0.009637
15640 0.013274
15650 0.014949
15660 0.012045
15670 0.008617
15680 0.008997
15690 0.01344
15700 0.008766
15710 0.010174
15720 0.009447
15730 0.010676
15740 0.008406
15750 0.013695
15760 0.00889
15770 0.01061
15780 0.012912
15790 0.010182
15800 0.00886
15810 0.008754
15820 0.014487
15830 0.011788
15840 0.01315
15850 0.012466
15860 0.011988
15870 0.008608
15880 0.008669
15890 0.008887
15900 0.008574
15910 0.012531
15920 0.008969
15930 0.008886
15940 0.008978
15950 0.008851
15960 0.008868
15970 0.009053
15980 0.009541
15990 0.010682
16000 0.013317
16010 0.009605
16020 0.014181
16030 0.008915
16040 0.013336
16050 0.014623
16060 0.009152
16070 0.013044
16080 0.013541
16090 0.013619
16100 0.014186
16110 0.010446
16120 0.01238
16130 0.009424
16140 0.010447
16150 0.015379
16160 0.010004
16170 0.008857
16180 0.011492
16190 0.01002
16200 0.014324
16210 0.009097
16220 0.012847
16230 0.011161
16240 0.013799
16250 0.010038
16260 0.009125
16270 0.013949
16280 0.015162
16290 0.013987
16300 0.011784
16310 0.012442
16320 0.013277
16330 0.009211
16340 0.012648
16350 0.008917
16360 0.011032
16370 0.009279
16380 0.010629
16390 0.013948
16400 0.009574
16410 0.009397
16420 0.009974
16430 0.009584
16440 0.01264
16450 0.012284
16460 0.011602
16470 0.009851
16480 0.013834
16490 0.0118
16500 0.010338
16510 0.009557
16520 0.009513
16530 0.009824
16540 0.009604
16550 0.011725
16560 0.009729
16570 0.009472
16580 0.012164
16590 0.0136
16600 0.011755
16610 0.009881
16620 0.015334
16630 0.012747
16640 0.012855
16650 0.013657
16660 0.012457
16670 0.010187
16680 0.013251
16690 0.009866
16700 0.011149
16710 0.013211
16720 0.011493
16730 0.014008
16740 0.01458
16750 0.010672
16760 0.012481
16770 0.011504
16780 0.015093
16790 0.014251
16800 0.018498
16810 0.014095
16820 0.010481
16830 0.009755
16840 0.01522
16850 0.012402
16860 0.013094
16870 0.011526
16880 0.014627
16890 0.013651
16900 0.010006
16910 0.014329
16920 0.011297
16930 0.013483
16940 0.015223
16950 0.012172
16960 0.015799
16970 0.01001
16980 0.013677
16990 0.012327
17000 0.014751
17010 0.016641
17020 0.011894
17030 0.012845
17040 0.011532
17050 0.011495
17060 0.010816
17070 0.018028
17080 0.012561
17090 0.016136
17100 0.015803
17110 0.014183
17120 0.010736
17130 0.010487
17140 0.010839
17150 0.013381
17160 0.015303
17170 0.010821
17180 0.011792
17190 0.010956
17200 0.014676
17210 0.014504
17220 0.016075
17230 0.015239
17240 0.013912
17250 0.017221
17260 0.014371
17270 0.014339
17280 0.015566
17290 0.013208
17300 0.015285
17310 0.010388
17320 0.010359
17330 0.011639
17340 0.011582
17350 0.016013
17360 0.011037
17370 0.014182
17380 0.013925
17390 0.010296
17400 0.012836
17410 0.015166
17420 0.010303
17430 0.014415
17440 0.010817
17450 0.012062
17460 0.013728
17470 0.012701
17480 0.013098
17490 0.011349
17500 0.015722
17510 0.010753
17520 0.011088
17530 0.011026
17540 0.0143
17550 0.010482
17560 0.011251
17570 0.01227
17580 0.011019
17590 0.014357
17600 0.016663
17610 0.014926
17620 0.012933
17630 0.015514
17640 0.018063
17650 0.014177
17660 0.012864
17670 0.012145
17680 0.013631
17690 0.01507
17700 0.016808
17710 0.012688
17720 0.014767
17730 0.015753
17740 0.012931
17750 0.015461
17760 0.011548
17770 0.012386
17780 0.015908
17790 0.014269
17800 0.010862
17810 0.011378
17820 0.010969
17830 0.011399
17840 0.0113
17850 0.011093
17860 0.013628
17870 0.014606
17880 0.012012
17890 0.015637
17900 0.01117
17910 0.013735
17920 0.011306
17930 0.011417
17940 0.014729
17950 0.013306
17960 0.011052
17970 0.014321
17980 0.014247
17990 0.011345
18000 0.018321
18010 0.013889
18020 0.016
18030 0.011035
18040 0.014914
18050 0.011807
18060 0.011208
18070 0.017642
18080 0.017795
18090 0.011512
18100 0.011685
18110 0.011246
18120 0.011408
18130 0.011985
18140 0.015696
18150 0.015669
18160 0.016678
18170 0.0112
18180 0.011641
18190 0.014494
18200 0.011587
18210 0.011723
18220 0.011223
18230 0.011692
18240 0.015674
18250 0.016285
18260 0.017524
18270 0.017898
18280 0.013998
18290 0.015506
18300 0.011932
18310 0.014159
18320 0.01208
18330 0.016483
18340 0.016048
18350 0.016797
18360 0.016763
18370 0.017527
18380 0.018159
18390 0.019838
18400 0.01616
18410 0.011424
18420 0.016248
18430 0.012006
18440 0.014666
18450 0.014471
18460 0.011531
18470 0.012698
18480 0.016392
18490 0.01356
18500 0.018302
18510 0.011693
18520 0.015171
18530 0.014498
18540 0.018166
18550 0.013439
18560 0.016112
18570 0.017146
18580 0.012459
18590 0.011812
18600 0.015604
18610 0.014941
18620 0.014311
18630 0.012217
18640 0.014094
18650 0.020047
18660 0.012126
18670 0.017006
18680 0.015073
18690 0.01719
18700 0.012201
18710 0.014484
18720 0.014164
18730 0.01593
18740 0.012293
18750 0.016193
18760 0.016714
18770 0.019226
18780 0.014999
18790 0.017187
18800 0.012933
18810 0.014457
18820 0.015815
18830 0.017393
18840 0.011875
18850 0.012288
18860 0.016928
18870 0.012404
18880 0.013775
18890 0.01671
18900 0.016094
18910 0.019103
18920 0.013478
18930 0.014441
18940 0.016464
18950 0.014645
18960 0.012622
18970 0.018285
18980 0.012388
18990 0.012333
19000 0.016672
19010 0.017625
19020 0.012062
19030 0.016592
19040 0.017122
19050 0.015297
19060 0.012692
19070 0.01355
19080 0.015298
19090 0.012993
19100 0.012299
19110 0.012945
19120 0.020815
19130 0.013673
19140 0.012495
19150 0.017667
19160 0.01251
19170 0.01747
19180 0.013176
19190 0.019629
19200 0.016671
19210 0.012343
19220 0.012821
19230 0.013739
19240 0.017588
19250 0.014993
19260 0.01239
19270 0.01934
19280 0.014414
19290 0.018219
19300 0.017435
19310 0.012525
19320 0.012725
19330 0.012858
19340 0.019878
19350 0.012824
19360 0.012965
19370 0.013024
19380 0.013609
19390 0.01515
19400 0.015926
19410 0.01428
19420 0.014184
19430 0.014085
19440 0.015646
19450 0.015942
19460 0.017627
19470 0.01297
19480 0.015424
19490 0.015356
19500 0.016464
19510 0.013115
19520 0.017879
19530 0.014118
19540 0.015097
19550 0.016025
19560 0.017765
19570 0.017816
19580 0.013321
19590 0.014962
19600 0.014476
19610 0.016682
19620 0.013321
19630 0.013687
19640 0.01303
19650 0.01512
19660 0.0131
19670 0.013377
19680 0.017595
19690 0.013154
19700 0.016177
19710 0.012891
19720 0.015328
19730 0.015626
19740 0.015292
19750 0.017752
19760 0.018138
19770 0.013243
19780 0.013587
19790 0.014404
19800 0.018431
19810 0.016756
19820 0.013205
19830 0.015638
19840 0.018352
19850 0.015548
19860 0.017397
19870 0.016729
19880 0.015407
19890 0.017935
19900 0.016528
19910 0.01347
19920 0.018755
19930 0.01391
19940 0.01369
19950 0.013332
19960 0.015703
19970 0.014805
19980 0.017343
19990 0.016636
20000 0.018876
20010 0.013923
20020 0.018579
20030 0.021402
20040 0.020351
20050 0.017517
20060 0.020576
20070 0.018363
20080 0.014298
20090 0.013529
20100 0.01647
20110 0.016368
20120 0.014035
20130 0.01552
20140 0.023458
20150 0.017376
20160 0.018825
20170 0.014579
20180 0.015809
20190 0.016534
20200 0.015195
20210 0.020417
20220 0.014212
20230 0.018785
20240 0.016361
20250 0.016227
20260 0.014482
20270 0.015167
20280 0.017507
20290 0.014861
20300 0.016874
20310 0.017266
20320 0.017692
20330 0.016286
20340 0.020089
20350 0.019307
20360 0.015016
20370 0.015252
20380 0.019325
20390 0.021542
20400 0.019393
20410 0.015456
20420 0.017568
20430 0.019996
20440 0.022604
20450 0.01437
20460 0.017309
20470 0.017082
20480 0.015576
20490 0.017136
20500 0.017698
20510 0.018024
20520 0.021632
20530 0.014405
20540 0.014262
20550 0.01453
20560 0.018668
20570 0.014081
20580 0.014321
20590 0.019583
20600 0.019275
20610 0.018328
20620 0.018675
20630 0.017281
20640 0.016497
20650 0.01433
20660 0.015043
20670 0.01775
20680 0.020235
20690 0.014768
20700 0.017161
20710 0.01766
20720 0.016506
20730 0.016642
20740 0.015203
20750 0.017353
20760 0.015366
20770 0.016385
20780 0.020751
20790 0.01513
20800 0.018102
20810 0.018907
20820 0.017647
20830 0.014923
20840 0.019507
20850 0.016776
20860 0.014351
20870 0.01681
20880 0.019006
20890 0.014472
20900 0.016373
20910 0.014559
20920 0.014801
20930 0.015758
20940 0.014709
20950 0.017969
20960 0.019239
20970 0.015767
20980 0.015023
20990 0.015199
21000 0.017651
21010 0.019498
21020 0.018474
21030 0.018764
21040 0.015425
21050 0.018492
21060 0.015345
21070 0.019938
21080 0.017029
21090 0.015182
21100 0.020393
21110 0.017779
21120 0.021786
21130 0.017949
21140 0.019019
21150 0.018007
21160 0.016339
21170 0.015645
21180 0.022652
21190 0.017027
21200 0.015922
21210 0.016346
21220 0.02222
21230 0.0162
21240 0.019024
21250 0.016329
21260 0.016058
21270 0.01551
21280 0.015457
21290 0.015521
21300 0.015754
21310 0.014755
21320 0.019697
21330 0.017037
21340 0.020574
21350 0.017433
21360 0.018535
21370 0.017737
21380 0.015656
21390 0.017985
21400 0.022661
21410 0.018364
21420 0.018769
21430 0.015776
21440 0.015626
21450 0.017186
21460 0.020352
21470 0.015153
21480 0.015133
21490 0.015575
21500 0.016177
21510 0.018759
21520 0.016702
21530 0.019079
21540 0.015608
21550 0.014999
21560 0.01504
21570 0.015536
21580 0.014925
21590 0.01574
21600 0.015728
21610 0.016455
21620 0.015737
21630 0.019656
21640 0.015269
21650 0.019659
21660 0.01526
21670 0.015837
21680 0.016014
21690 0.015686
21700 0.016162
21710 0.015084
21720 0.015446
21730 0.018212
21740 0.018221
21750 0.017327
21760 0.017686
21770 0.016761
21780 0.020757
21790 0.0159
21800 0.019439
21810 0.02119
21820 0.019986
21830 0.022857
21840 0.019155
21850 0.021965
21860 0.017428
21870 0.015718
21880 0.019661
21890 0.016286
21900 0.01915
21910 0.020826
21920 0.018616
21930 0.018052
21940 0.019763
21950 0.018423
21960 0.017556
21970 0.016644
21980 0.019595
21990 0.017439
22000 0.016407
22010 0.016636
22020 0.018586
22030 0.018043
22040 0.016196
22050 0.017206
22060 0.016145
22070 0.016807
22080 0.019096
22090 0.018136
22100 0.021105
22110 0.018075
22120 0.017361
22130 0.02403
22140 0.018861
22150 0.020783
22160 0.022232
22170 0.020356
22180 0.021424
22190 0.01807
22200 0.018948
22210 0.019406
22220 0.016992
22230 0.019664
22240 0.016688
22250 0.018966
22260 0.016766
22270 0.018034
22280 0.016109
22290 0.022029
22300 0.023689
22310 0.02165
22320 0.016913
22330 0.016316
22340 0.017304
22350 0.021355
22360 0.020219
22370 0.020927
22380 0.017893
22390 0.017168
22400 0.016887
22410 0.01646
22420 0.020613
22430 0.016733
22440 0.020545
22450 0.017191
22460 0.018367
22470 0.022078
22480 0.021182
22490 0.02183
22500 0.018369
22510 0.018107
22520 0.016698
22530 0.020573
22540 0.01929
22550 0.02083
22560 0.01744
22570 0.021153
22580 0.022014
22590 0.018571
22600 0.020524
22610 0.018231
22620 0.016685
22630 0.017258
22640 0.017405
22650 0.020636
22660 0.016922
22670 0.023884
22680 0.016796
22690 0.021578
22700 0.016907
22710 0.017062
22720 0.021103
22730 0.020072
22740 0.018391
22750 0.018519
22760 0.0182
22770 0.017465
22780 0.018237
22790 0.02252
22800 0.017436
22810 0.02163
22820 0.02189
22830 0.019479
22840 0.022379
22850 0.022396
22860 0.01892
22870 0.020684
22880 0.020264
22890 0.01869
22900 0.021434
22910 0.024612
22920 0.020662
22930 0.019751
22940 0.022751
22950 0.024068
22960 0.018346
22970 0.020433
22980 0.018792
22990 0.022198
23000 0.019608
23010 0.018322
23020 0.017434
23030 0.02491
23040 0.020874
23050 0.019264
23060 0.019842
23070 0.021362
23080 0.017069
23090 0.017798
23100 0.01697
23110 0.017936
23120 0.017987
23130 0.017157
23140 0.017763
23150 0.017195
23160 0.022288
23170 0.020531
23180 0.020449
23190 0.018381
23200 0.020761
23210 0.017682
23220 0.018525
23230 0.02023
23240 0.024442
23250 0.017933
23260 0.019917
23270 0.018612
23280 0.023004
23290 0.022367
23300 0.01789
23310 0.022143
23320 0.021253
23330 0.023049
23340 0.022781
23350 0.01835
23360 0.021152
23370 0.018477
23380 0.018557
23390 0.020944
23400 0.017883
23410 0.018598
23420 0.017819
23430 0.019661
23440 0.022637
23450 0.023428
23460 0.024923
23470 0.022892
23480 0.021337
23490 0.020535
23500 0.022441
23510 0.018723
23520 0.019124
23530 0.018716
23540 0.01978
23550 0.020695
23560 0.021235
23570 0.023413
23580 0.018002
23590 0.018438
23600 0.018827
23610 0.019627
23620 0.019144
23630 0.023058
23640 0.02174
23650 0.01871
23660 0.018463
23670 0.019195
23680 0.022343
23690 0.023603
23700 0.018605
23710 0.017946
23720 0.018877
23730 0.018845
23740 0.017993
23750 0.019689
23760 0.021784
23770 0.018198
23780 0.022913
23790 0.020383
23800 0.023721
23810 0.021743
23820 0.023348
23830 0.02125
23840 0.020961
23850 0.022071
23860 0.020003
23870 0.020751
23880 0.01857
23890 0.020574
23900 0.018329
23910 0.019107
23920 0.022013
23930 0.025713
23940 0.02443
23950 0.022948
23960 0.01802
23970 0.02027
23980 0.019723
23990 0.025026
24000 0.019118
24010 0.018307
24020 0.02196
24030 0.023998
24040 0.024353
24050 0.020663
24060 0.018321
24070 0.02004
24080 0.02437
24090 0.020049
24100 0.020397
24110 0.021504
24120 0.022383
24130 0.02493
24140 0.019726
24150 0.022971
24160 0.020292
24170 0.022073
24180 0.025112
24190 0.021896
24200 0.020144
24210 0.020639
24220 0.022263
24230 0.02191
24240 0.022378
24250 0.020296
24260 0.022868
24270 0.022035
24280 0.021144
24290 0.026599
24300 0.022617
24310 0.021547
24320 0.021684
24330 0.020654
24340 0.022676
24350 0.022605
24360 0.02053
24370 0.022995
24380 0.020261
24390 0.02096
24400 0.020986
24410 0.022672
24420 0.020341
24430 0.019983
24440 0.02394
24450 0.022981
24460 0.0215
24470 0.024263
24480 0.02067
24490 0.018936
24500 0.019961
24510 0.019724
24520 0.019322
24530 0.021107
24540 0.025012
24550 0.025904
24560 0.023279
24570 0.023617
24580 0.023146
24590 0.019286
24600 0.026048
24610 0.023406
24620 0.019264
24630 0.02593
24640 0.024705
24650 0.019564
24660 0.023589
24670 0.021846
24680 0.023793
24690 0.021003
24700 0.023824
24710 0.023729
24720 0.024377
24730 0.019666
24740 0.020683
24750 0.024454
24760 0.025621
24770 0.020321
24780 0.023366
24790 0.020653
24800 0.023027
24810 0.022493
24820 0.021131
24830 0.01982
24840 0.024263
24850 0.020399
24860 0.019615
24870 0.022928
24880 0.020448
24890 0.022049
24900 0.023488
24910 0.019556
24920 0.019557
24930 0.020453
24940 0.019535
24950 0.020369
24960 0.020518
24970 0.023706
24980 0.024663
24990 0.01958
25000 0.024068
25010 0.024826
25020 0.024634
25030 0.025869
25040 0.021279
25050 0.024488
25060 0.025868
25070 0.02284
25080 0.025276
25090 0.023839
25100 0.02085
25110 0.024303
25120 0.021098
25130 0.020152
25140 0.021438
25150 0.022181
25160 0.023661
25170 0.022127
25180 0.020056
25190 0.021037
25200 0.025783
25210 0.020039
25220 0.025248
25230 0.022589
25240 0.024266
25250 0.02432
25260 0.020381
25270 0.025658
25280 0.021545
25290 0.021564
25300 0.027113
25310 0.022742
25320 0.024206
25330 0.021721
25340 0.022944
25350 0.023314
25360 0.025288
25370 0.02019
25380 0.024399
25390 0.026544
25400 0.021966
25410 0.02309
25420 0.023831
25430 0.021424
25440 0.022616
25450 0.021096
25460 0.021795
25470 0.020697
25480 0.023536
25490 0.027089
25500 0.024363
25510 0.021337
25520 0.024463
25530 0.025194
25540 0.022846
25550 0.021106
25560 0.024641
25570 0.027071
25580 0.020489
25590 0.024317
25600 0.022787
25610 0.020814
25620 0.025212
25630 0.026815
25640 0.025202
25650 0.024278
25660 0.020453
25670 0.021741
25680 0.021619
25690 0.026656
25700 0.025261
25710 0.02622
25720 0.022026
25730 0.021558
25740 0.024504
25750 0.025078
25760 0.021909
25770 0.025085
25780 0.021829
25790 0.021947
25800 0.023844
25810 0.026925
25820 0.024533
25830 0.024578
25840 0.022218
25850 0.021384
25860 0.027867
25870 0.02819
25880 0.026371
25890 0.027075
25900 0.024176
25910 0.029861
25920 0.029786
25930 0.02397
25940 0.027499
25950 0.022519
25960 0.021334
25970 0.022403
25980 0.028969
25990 0.025161
26000 0.022466
26010 0.026339
26020 0.02235
26030 0.023634
26040 0.025773
26050 0.02864
26060 0.022669
26070 0.022285
26080 0.022317
26090 0.02164
26100 0.030217
26110 0.021514
26120 0.023038
26130 0.026155
26140 0.021324
26150 0.02615
26160 0.024342
26170 0.023412
26180 0.025681
26190 0.026066
26200 0.025757
26210 0.022652
26220 0.02155
26230 0.029283
26240 0.022854
26250 0.023519
26260 0.027196
26270 0.023539
26280 0.021763
26290 0.024535
26300 0.02691
26310 0.023981
26320 0.024455
26330 0.026402
26340 0.023076
26350 0.029972
26360 0.024853
26370 0.026809
26380 0.024479
26390 0.02444
26400 0.028603
26410 0.023119
26420 0.02675
26430 0.027098
26440 0.025719
26450 0.026528
26460 0.027683
26470 0.023491
26480 0.026556
26490 0.026511
26500 0.022924
26510 0.025618
26520 0.026056
26530 0.027068
26540 0.026169
26550 0.028008
26560 0.028133
26570 0.025157
26580 0.030093
26590 0.028379
26600 0.024959
26610 0.025329
26620 0.024726
26630 0.027956
26640 0.023123
26650 0.023695
26660 0.02825
26670 0.028762
26680 0.02351
26690 0.023576
26700 0.023017
26710 0.024754
26720 0.023096
26730 0.022112
26740 0.028843
26750 0.022222
26760 0.026932
26770 0.023735
26780 0.026983
26790 0.030102
26800 0.029886
26810 0.024399
26820 0.026838
26830 0.022319
26840 0.027187
26850 0.026131
26860 0.027187
26870 0.02885
26880 0.027173
26890 0.028803
26900 0.0244
26910 0.029245
26920 0.023911
26930 0.026882
26940 0.024504
26950 0.027789
26960 0.026865
26970 0.024127
26980 0.030173
26990 0.025417
27000 0.033426
27010 0.027347
27020 0.023523
27030 0.024552
27040 0.0255
27050 0.027633
27060 0.030546
27070 0.023199
27080 0.022727
27090 0.030081
27100 0.025274
27110 0.030269
27120 0.027645
27130 0.026893
27140 0.027355
27150 0.023504
27160 0.02525
27170 0.028195
27180 0.028468
27190 0.025063
27200 0.024657
27210 0.023444
27220 0.024622
27230 0.03059
27240 0.024886
27250 0.024519
27260 0.023764
27270 0.02924
27280 0.026353
27290 0.024426
27300 0.02492
27310 0.025997
27320 0.02368
27330 0.029278
27340 0.031782
27350 0.02616
27360 0.023991
27370 0.028886
27380 0.026398
27390 0.02377
27400 0.025016
27410 0.028304
27420 0.02432
27430 0.030724
27440 0.027533
27450 0.026927
27460 0.026356
27470 0.025613
27480 0.026221
27490 0.029714
27500 0.024639
27510 0.02691
27520 0.031322
27530 0.028302
27540 0.027022
27550 0.029071
27560 0.029896
27570 0.026063
27580 0.024745
27590 0.027302
27600 0.025936
27610 0.028536
27620 0.031589
27630 0.031292
27640 0.028578
27650 0.028536
27660 0.025699
27670 0.026311
27680 0.025722
27690 0.029931
27700 0.027894
27710 0.029583
27720 0.032562
27730 0.02967
27740 0.028635
27750 0.027899
27760 0.031201
27770 0.030614
27780 0.029463
27790 0.028986
27800 0.024094
27810 0.029167
27820 0.024875
27830 0.027637
27840 0.029775
27850 0.026157
27860 0.028276
27870 0.026545
27880 0.024896
27890 0.029957
27900 0.030231
27910 0.025904
27920 0.032304
27930 0.027122
27940 0.026919
27950 0.025548
27960 0.024241
27970 0.028911
27980 0.030591
27990 0.027578
28000 0.029262
28010 0.026767
28020 0.028467
28030 0.024461
28040 0.025061
28050 0.029509
28060 0.026355
28070 0.029091
28080 0.025929
28090 0.024639
28100 0.027386
28110 0.030275
28120 0.02463
28130 0.02978
28140 0.024306
28150 0.030741
28160 0.025774
28170 0.024355
28180 0.027837
28190 0.028498
28200 0.028689
28210 0.02565
28220 0.027008
28230 0.025419
28240 0.030739
28250 0.029335
28260 0.026856
28270 0.024371
28280 0.024627
28290 0.028671
28300 0.027789
28310 0.031117
28320 0.025532
28330 0.025853
28340 0.025697
