10 1.8e-05
20 2e-05
30 2.8e-05
40 1.9e-05
50 3.8e-05
60 4.6e-05
70 8.6e-05
80 0.000106
90 5.3e-05
100 6.2e-05
110 7.7e-05
120 8.3e-05
130 0.000146
140 0.000111
150 0.000183
160 0.000137
170 0.00023
180 0.000169
190 0.000187
200 0.000315
210 0.0004
220 0.000361
230 0.000396
240 0.000406
250 0.00046
260 0.000393
270 0.000365
280 0.000399
290 0.000923
300 0.000652
310 0.000693
320 0.001781
330 0.001112
340 0.000837
350 0.000875
360 0.00078
370 0.000681
380 0.000681
390 0.000718
400 0.000753
410 0.000785
420 0.000832
430 0.000861
440 0.000911
450 0.000949
460 0.001008
470 0.001045
480 0.001606
490 0.001128
500 0.00118
510 0.001848
520 0.001871
530 0.001328
540 0.001492
550 0.00163
560 0.001504
570 0.002914
580 0.003099
590 0.002624
600 0.002514
610 0.002135
620 0.002669
630 0.002015
640 0.002764
650 0.003802
660 0.004025
670 0.003126
680 0.002122
690 0.003318
700 0.00248
710 0.003387
720 0.004179
730 0.004532
740 0.004965
750 0.002501
760 0.006074
770 0.005384
780 0.004315
790 0.004834
800 0.002904
810 0.002967
820 0.007132
830 0.00592
840 0.003193
850 0.00489
860 0.0045
870 0.006271
880 0.003434
890 0.003543
900 0.0036
910 0.007878
920 0.003744
930 0.00675
940 0.005872
950 0.004202
960 0.00467
970 0.004125
980 0.008183
990 0.006406
1000 0.007334
1010 0.004487
1020 0.006671
1030 0.004648
1040 0.007466
1050 0.006773
1060 0.007366
1070 0.005073
1080 0.007668
1090 0.009994
1100 0.008024
1110 0.005516
1120 0.008535
1130 0.005989
1140 0.006337
1150 0.005917
1160 0.005958
1170 0.0088
1180 0.011168
1190 0.006438
1200 0.013693
1210 0.008252
1220 0.00944
1230 0.006626
1240 0.006745
1250 0.010905
1260 0.010215
1270 0.01235
1280 0.008469
1290 0.00749
1300 0.011332
1310 0.013726
1320 0.011577
1330 0.011589
1340 0.010432
1350 0.0108
1360 0.012295
1370 0.013828
1380 0.009007
1390 0.010557
1400 0.011912
1410 0.012363
1420 0.015392
1430 0.013826
1440 0.012999
1450 0.009582
1460 0.009687
1470 0.012691
1480 0.011409
1490 0.009818
1500 0.012494
1510 0.012231
1520 0.014613
1530 0.016048
1540 0.011161
1550 0.012468
1560 0.01465
1570 0.0194
1580 0.011534
1590 0.011149
1600 0.014143
1610 0.013561
1620 0.011988
1630 0.015964
1640 0.013285
1650 0.016746
1660 0.015866
1670 0.017093
1680 0.017604
1690 0.019711
1700 0.017204
1710 0.015784
1720 0.018614
1730 0.015982
1740 0.020275
1750 0.017594
1760 0.013944
1770 0.0139
1780 0.018762
1790 0.018033
1800 0.021394
1810 0.01735
1820 0.01659
1830 0.020602
1840 0.022254
1850 0.015553
1860 0.021158
1870 0.01536
1880 0.01558
1890 0.015999
1900 0.021524
1910 0.016472
1920 0.022628
1930 0.016684
1940 0.017169
1950 0.021462
1960 0.019908
1970 0.017604
1980 0.020347
1990 0.021313
2000 0.023306
2010 0.023082
2020 0.023312
2030 0.022898
2040 0.018855
2050 0.022958
2060 0.019285
2070 0.02231
2080 0.02214
2090 0.021538
2100 0.022958
2110 0.02072
2120 0.022036
2130 0.024308
2140 0.024833
2150 0.021037
2160 0.022672
2170 0.024305
2180 0.025193
2190 0.023935
2200 0.027971
2210 0.027004
2220 0.033531
2230 0.024624
2240 0.028009
2250 0.031061
2260 0.027467
2270 0.026341
2280 0.024313
2290 0.023406
2300 0.026663
2310 0.025124
2320 0.024875
2330 0.028812
2340 0.0305
2350 0.024602
2360 0.030962
2370 0.029244
2380 0.028129
2390 0.026213
2400 0.032696
2410 0.026147
2420 0.032781
2430 0.03139
2440 0.029764
2450 0.029557
2460 0.028265
2470 0.036127
2480 0.032993
2490 0.030488
2500 0.034229
2510 0.03054
2520 0.03887
2530 0.031019
2540 0.034572
2550 0.036138
2560 0.034928
2570 0.033566
2580 0.035202
2590 0.03526
2600 0.041174
2610 0.031853
2620 0.03254
2630 0.031099
2640 0.034873
2650 0.035658
2660 0.035161
2670 0.036496
2680 0.032925
2690 0.033315
2700 0.041222
2710 0.035521
2720 0.038144
2730 0.036891
2740 0.036524
2750 0.039021
2760 0.039981
2770 0.034277
2780 0.038489
2790 0.039726
2800 0.039899
2810 0.047896
2820 0.03691
2830 0.039472
2840 0.042012
2850 0.041761
2860 0.038205
2870 0.039896
2880 0.039262
2890 0.045531
2900 0.040601
2910 0.042545
2920 0.043334
2930 0.04505
2940 0.038361
2950 0.044186
2960 0.039188
2970 0.04596
2980 0.045158
2990 0.040684
3000 0.046893
3010 0.046882
3020 0.041651
3030 0.042694
3040 0.041901
3050 0.042865
3060 0.043011
3070 0.053702
3080 0.047774
3090 0.043621
3100 0.048371
3110 0.05052
3120 0.048084
3130 0.044908
3140 0.049609
3150 0.050384
3160 0.044951
3170 0.051788
3180 0.052907
3190 0.048375
3200 0.048558
3210 0.056453
3220 0.047875
3230 0.046942
3240 0.046442
3250 0.050245
3260 0.048753
3270 0.053475
3280 0.052094
3290 0.049715
3300 0.051972
3310 0.048554
3320 0.050869
3330 0.055036
3340 0.052741
3350 0.053583
3360 0.053213
3370 0.051813
3380 0.061985
3390 0.052335
3400 0.05965
3410 0.058667
3420 0.05664
3430 0.055237
3440 0.058956
3450 0.052891
3460 0.05722
3470 0.057749
3480 0.061003
3490 0.05533
3500 0.060666
3510 0.058792
3520 0.059064
3530 0.06037
3540 0.056742
3550 0.05874
3560 0.068112
3570 0.063197
3580 0.0583
3590 0.05962
3600 0.06424
3610 0.065789
3620 0.062699
3630 0.063764
3640 0.065251
3650 0.068535
3660 0.063782
3670 0.060781
3680 0.062099
3690 0.064352
3700 0.068984
3710 0.064957
3720 0.064153
3730 0.065448
3740 0.06372
3750 0.071694
3760 0.064233
3770 0.065808
3780 0.066249
3790 0.06636
3800 0.065892
3810 0.070099
3820 0.076324
3830 0.070825
3840 0.071656
3850 0.073243
3860 0.075841
3870 0.071905
3880 0.068471
3890 0.069037
3900 0.073101
3910 0.075753
3920 0.07155
3930 0.069651
3940 0.071695
3950 0.068417
3960 0.084488
3970 0.076368
3980 0.075761
3990 0.074224
4000 0.079392
4010 0.072394
4020 0.074626
4030 0.077294
4040 0.080845
4050 0.08455
4060 0.079922
4070 0.076491
4080 0.081336
4090 0.084114
4100 0.077446
4110 0.085499
4120 0.077137
4130 0.080765
4140 0.077162
4150 0.078998
4160 0.080097
4170 0.08203
4180 0.080239
4190 0.087547
4200 0.088562
4210 0.086699
4220 0.084989
4230 0.087029
4240 0.088242
4250 0.081921
4260 0.082816
4270 0.083613
4280 0.088947
4290 0.086398
4300 0.086588
4310 0.089409
4320 0.086931
4330 0.084483
4340 0.087738
4350 0.084081
4360 0.091972
4370 0.086367
4380 0.088391
4390 0.086181
4400 0.094705
4410 0.100677
4420 0.091997
4430 0.101435
4440 0.090143
4450 0.097033
4460 0.09079
4470 0.095703
4480 0.094705
4490 0.091438
4500 0.103144
4510 0.092813
4520 0.097588
4530 0.099879
4540 0.096273
4550 0.094791
4560 0.098034
4570 0.09906
4580 0.099774
4590 0.098607
4600 0.096326
4610 0.095535
4620 0.095471
4630 0.102341
4640 0.098331
4650 0.096487
4660 0.100628
4670 0.097438
4680 0.101948
4690 0.100208
4700 0.103264
4710 0.107132
4720 0.108369
4730 0.104429
4740 0.106653
4750 0.102555
4760 0.116447
4770 0.108198
4780 0.10974
4790 0.102819
4800 0.105128
4810 0.103926
4820 0.104331
4830 0.105456
4840 0.117716
4850 0.10974
4860 0.107971
4870 0.113556
4880 0.112027
4890 0.107607
4900 0.121738
4910 0.113078
4920 0.11193
4930 0.116962
4940 0.11831
4950 0.122527
4960 0.152682
4970 0.120669
4980 0.121109
4990 0.117902
5000 0.120224
5010 0.121971
5020 0.119785
5030 0.120932
5040 0.114783
5050 0.116084
5060 0.117091
5070 0.116841
5080 0.120487
5090 0.119678
5100 0.119297
5110 0.120983
5120 0.121649
5130 0.123654
5140 0.120545
5150 0.122363
5160 0.138892
5170 0.127396
5180 0.125413
5190 0.128844
5200 0.125981
5210 0.127524
5220 0.122831
5230 0.133239
5240 0.122072
5250 0.127437
5260 0.12382
5270 0.123463
5280 0.139197
5290 0.130439
5300 0.127065
5310 0.132361
5320 0.133285
5330 0.13385
5340 0.133476
5350 0.15096
5360 0.13207
5370 0.131368
5380 0.135798
5390 0.132949
5400 0.13954
5410 0.137922
5420 0.137128
5430 0.142214
5440 0.132366
5450 0.135715
5460 0.140286
5470 0.13196
5480 0.142517
5490 0.144621
5500 0.137417
5510 0.13808
5520 0.148732
5530 0.138387
5540 0.147354
5550 0.14311
5560 0.14161
5570 0.146088
5580 0.142533
5590 0.162363
5600 0.174312
5610 0.156332
5620 0.160855
5630 0.147444
5640 0.156467
5650 0.155369
5660 0.151435
5670 0.152573
5680 0.145659
5690 0.150524
5700 0.150501
5710 0.147347
5720 0.153901
5730 0.152953
5740 0.152587
5750 0.154629
5760 0.150788
5770 0.151076
5780 0.160006
5790 0.16278
5800 0.158365
5810 0.15412
5820 0.154066
5830 0.155597
5840 0.157912
5850 0.164351
5860 0.159042
5870 0.159833
5880 0.161174
5890 0.160412
5900 0.156274
5910 0.165292
5920 0.157785
5930 0.164662
5940 0.161002
5950 0.157924
5960 0.164682
5970 0.164328
5980 0.168137
5990 0.164771
6000 0.179589
6010 0.171755
6020 0.182133
6030 0.178599
6040 0.174523
6050 0.175319
6060 0.171347
6070 0.175321
6080 0.183006
6090 0.186685
6100 0.168939
6110 0.169836
6120 0.168765
6130 0.173418
6140 0.174383
6150 0.170749
6160 0.175392
6170 0.178198
6180 0.175543
6190 0.179253
6200 0.176384
6210 0.177699
6220 0.179663
6230 0.182106
6240 0.183116
6250 0.179667
6260 0.175236
6270 0.184188
6280 0.183788
6290 0.185267
6300 0.181235
6310 0.184217
6320 0.180529
6330 0.195914
6340 0.186504
6350 0.178507
6360 0.193026
6370 0.184949
6380 0.184991
6390 0.182328
6400 0.181658
6410 0.180905
6420 0.186741
6430 0.190815
6440 0.196826
6450 0.188015
6460 0.189373
6470 0.191865
6480 0.203305
6490 0.194298
6500 0.199643
6510 0.200411
6520 0.21234
6530 0.196984
6540 0.196109
6550 0.202127
6560 0.193102
6570 0.199837
6580 0.201275
6590 0.194521
6600 0.197419
6610 0.200414
6620 0.208064
6630 0.20848
6640 0.198135
6650 0.209366
6660 0.205968
6670 0.200992
6680 0.204267
6690 0.207408
6700 0.203022
6710 0.217667
6720 0.20641
6730 0.21223
6740 0.209027
6750 0.217254
6760 0.212537
6770 0.226165
6780 0.213046
6790 0.221686
6800 0.21876
6810 0.216723
6820 0.214029
6830 0.214003
6840 0.219722
6850 0.222719
6860 0.214637
6870 0.217634
6880 0.214569
6890 0.217745
6900 0.217769
6910 0.225245
6920 0.229399
6930 0.226842
6940 0.223389
6950 0.221671
6960 0.220923
6970 0.221604
6980 0.228464
6990 0.221051
7000 0.223763
7010 0.22071
7020 0.228251
7030 0.227551
7040 0.233632
7050 0.227251
7060 0.231454
7070 0.228917
7080 0.234639
7090 0.247246
7100 0.234561
7110 0.238413
7120 0.232921
7130 0.232931
7140 0.230439
7150 0.26085
7160 0.237009
7170 0.236321
7180 0.237231
7190 0.248501
7200 0.242221
7210 0.245942
7220 0.234046
7230 0.247561
7240 0.248747
7250 0.289497
7260 0.245425
7270 0.239503
7280 0.26528
7290 0.262233
7300 0.275732
7310 0.254786
7320 0.272049
7330 0.255545
7340 0.24627
7350 0.254115
7360 0.246923
7370 0.250709
7380 0.254257
7390 0.266599
7400 0.254291
7410 0.250027
7420 0.253366
7430 0.25009
7440 0.258957
7450 0.268972
7460 0.258126
7470 0.253787
7480 0.260709
7490 0.258354
7500 0.257806
7510 0.263129
7520 0.26332
7530 0.267847
7540 0.261227
7550 0.271925
7560 0.268796
7570 0.260993
7580 0.263317
7590 0.268537
7600 0.266993
7610 0.265726
7620 0.2643
7630 0.269499
7640 0.267456
7650 0.26855
7660 0.26611
7670 0.278775
7680 0.286173
7690 0.277927
7700 0.285468
7710 0.276097
7720 0.275285
7730 0.278017
7740 0.269642
7750 0.296332
7760 0.286618
7770 0.280959
7780 0.270403
7790 0.2848
7800 0.29823
7810 0.281354
7820 0.288613
7830 0.286806
7840 0.32808
7850 0.298921
7860 0.312351
7870 0.321916
7880 0.30318
7890 0.284215
7900 0.285256
7910 0.283782
7920 0.281855
7930 0.309319
7940 0.305837
7950 0.297016
7960 0.283178
7970 0.292586
7980 0.301862
7990 0.293551
8000 0.291375
8010 0.29453
8020 0.296065
8030 0.296607
8040 0.304272
8050 0.294484
8060 0.288647
8070 0.300072
8080 0.301162
8090 0.303872
8100 0.314981
8110 0.302747
8120 0.31146
8130 0.313043
8140 0.323926
8150 0.308076
8160 0.30705
8170 0.304141
8180 0.310449
8190 0.310628
8200 0.322565
8210 0.308519
8220 0.333459
8230 0.320935
8240 0.30898
8250 0.318944
8260 0.328742
8270 0.320657
8280 0.320695
8290 0.318175
8300 0.309912
8310 0.316718
8320 0.31476
8330 0.321607
8340 0.326364
8350 0.323112
8360 0.319381
8370 0.31864
8380 0.318023
8390 0.321683
8400 0.330468
8410 0.337397
8420 0.337349
8430 0.344846
8440 0.339811
8450 0.33247
8460 0.324335
8470 0.331173
8480 0.323641
8490 0.33112
8500 0.326777
8510 0.337838
8520 0.356784
8530 0.353812
8540 0.332793
8550 0.328874
8560 0.328602
8570 0.335665
8580 0.337849
8590 0.336963
8600 0.344681
8610 0.360665
8620 0.365603
8630 0.355171
8640 0.345691
8650 0.343476
8660 0.351695
8670 0.355807
8680 0.35642
8690 0.35471
8700 0.345917
8710 0.353383
8720 0.361954
8730 0.367651
8740 0.35519
8750 0.344887
8760 0.358343
8770 0.359653
8780 0.35679
8790 0.360618
8800 0.352152
8810 0.358596
8820 0.367236
8830 0.353524
8840 0.357999
8850 0.352126
8860 0.366831
8870 0.357774
8880 0.366989
8890 0.380505
8900 0.35772
8910 0.363377
8920 0.361603
8930 0.392709
8940 0.366417
8950 0.35924
8960 0.391936
8970 0.361706
8980 0.373897
8990 0.381769
9000 0.386078
9010 0.371292
9020 0.370223
9030 0.368164
9040 0.364876
9050 0.358873
9060 0.375145
9070 0.373804
9080 0.372249
9090 0.385839
9100 0.368076
9110 0.37199
9120 0.370627
9130 0.372124
9140 0.37109
9150 0.373723
9160 0.375901
9170 0.375762
9180 0.37678
9190 0.383561
9200 0.39767
9210 0.389156
9220 0.386523
9230 0.376975
9240 0.384597
9250 0.382712
9260 0.380774
9270 0.391157
9280 0.394791
9290 0.407059
9300 0.388732
9310 0.393971
9320 0.391843
9330 0.421024
9340 0.426296
9350 0.395526
9360 0.392371
9370 0.41778
9380 0.399148
9390 0.4062
9400 0.411663
9410 0.426845
9420 0.400301
9430 0.406749
9440 0.402354
9450 0.402276
9460 0.410157
9470 0.423535
9480 0.413009
9490 0.411123
9500 0.400596
9510 0.404707
9520 0.402019
9530 0.410672
9540 0.417675
9550 0.435163
9560 0.423634
9570 0.408012
9580 0.421957
9590 0.412102
9600 0.416422
9610 0.438521
9620 0.414426
9630 0.4332
9640 0.44102
9650 0.424157
9660 0.434901
9670 0.42338
9680 0.450586
9690 0.437202
9700 0.452428
9710 0.44148
9720 0.427013
9730 0.436229
9740 0.427404
9750 0.463193
9760 0.433488
9770 0.43722
9780 0.439986
9790 0.444469
9800 0.434818
9810 0.439348
9820 0.440677
9830 0.432676
9840 0.469143
9850 0.459963
9860 0.448629
9870 0.438498
9880 0.438809
9890 0.429696
9900 0.447957
9910 0.434652
9920 0.451182
9930 0.45364
9940 0.452271
9950 0.454279
9960 0.456864
9970 0.466305
9980 0.46341
9990 0.456534
10000 0.447007
