1000 3.71e-08
2000 4.14e-08
3000 4.36e-08
4000 4.37e-08
5000 4.73e-08
6000 4.7e-08
7000 4.69e-08
8000 4.7e-08
9000 5.11e-08
10000 5.02e-08
11000 5.04e-08
12000 5.04e-08
13000 5.02e-08
14000 5.33e-08
15000 5.04e-08
16000 5.04e-08
17000 5.52e-08
18000 5.35e-08
19000 5.41e-08
20000 5.25e-08
21000 5.77e-08
22000 5.25e-08
23000 5.24e-08
24000 5.24e-08
25000 5.24e-08
26000 5.23e-08
27000 5.24e-08
28000 5.25e-08
29000 5.24e-08
30000 5.72e-08
31000 5.22e-08
32000 5.24e-08
33000 5.59e-08
34000 5.57e-08
35000 6.06e-08
36000 5.7e-08
37000 5.7e-08
38000 5.7e-08
39000 5.7e-08
40000 5.82e-08
41000 5.68e-08
42000 5.7e-08
43000 5.69e-08
44000 5.7e-08
45000 5.7e-08
46000 5.7e-08
47000 5.79e-08
48000 5.73e-08
49000 5.71e-08
50000 5.72e-08
51000 5.7e-08
52000 5.79e-08
53000 5.69e-08
54000 5.72e-08
55000 5.7e-08
56000 5.7e-08
57000 6.03e-08
58000 5.7e-08
59000 5.57e-08
60000 5.69e-08
61000 5.7e-08
62000 5.82e-08
63000 5.78e-08
64000 5.55e-08
65000 5.55e-08
66000 6.82e-08
67000 6.13e-08
68000 6.14e-08
69000 6.04e-08
70000 6.04e-08
71000 6.44e-08
72000 6.04e-08
73000 6.07e-08
74000 6.04e-08
75000 6.77e-08
76000 6.24e-08
77000 6.11e-08
78000 6.02e-08
79000 6.09e-08
80000 6.04e-08
81000 6.02e-08
82000 6.13e-08
83000 6.14e-08
84000 5.89e-08
85000 5.89e-08
86000 5.91e-08
87000 5.89e-08
88000 5.9e-08
89000 5.89e-08
90000 6.1e-08
91000 6.42e-08
92000 5.91e-08
93000 6.03e-08
94000 5.88e-08
95000 5.9e-08
96000 5.89e-08
97000 6.03e-08
98000 6.08e-08
99000 6.04e-08
100000 6.01e-08
101000 6.04e-08
102000 6.08e-08
103000 6.07e-08
104000 6.05e-08
105000 6.01e-08
106000 6.31e-08
107000 6.13e-08
108000 6.02e-08
109000 6.14e-08
110000 6.04e-08
111000 6.03e-08
112000 6.07e-08
113000 6.02e-08
114000 5.89e-08
115000 6.55e-08
116000 5.89e-08
117000 5.89e-08
118000 5.87e-08
119000 5.88e-08
120000 6.14e-08
121000 6.04e-08
122000 5.91e-08
123000 5.89e-08
124000 6.08e-08
125000 6.35e-08
126000 6.02e-08
127000 6.26e-08
128000 6.02e-08
129000 6.01e-08
130000 6.03e-08
131000 6.02e-08
132000 6.44e-08
133000 6.37e-08
134000 6.37e-08
135000 6.48e-08
136000 6.41e-08
137000 6.51e-08
138000 6.43e-08
139000 6.44e-08
140000 6.39e-08
141000 6.35e-08
142000 6.35e-08
143000 6.37e-08
144000 6.37e-08
145000 6.37e-08
146000 6.35e-08
147000 6.37e-08
148000 6.44e-08
149000 6.21e-08
150000 6.24e-08
151000 8.4e-08
152000 6.37e-08
153000 6.37e-08
154000 6.38e-08
155000 6.21e-08
156000 6.62e-08
157000 6.45e-08
158000 6.22e-08
159000 6.22e-08
160000 6.55e-08
161000 6.22e-08
162000 6.22e-08
163000 6.39e-08
164000 6.68e-08
165000 6.67e-08
166000 6.62e-08
167000 6.2e-08
168000 6.2e-08
169000 6.99e-08
170000 6.66e-08
171000 6.48e-08
172000 6.46e-08
173000 6.42e-08
174000 6.35e-08
175000 6.35e-08
176000 6.24e-08
177000 7.33e-08
178000 6.48e-08
179000 6.54e-08
180000 6.36e-08
181000 6.35e-08
182000 6.37e-08
183000 6.37e-08
184000 6.37e-08
185000 6.37e-08
186000 6.37e-08
187000 6.37e-08
188000 6.37e-08
189000 6.37e-08
190000 6.49e-08
191000 6.36e-08
192000 6.37e-08
193000 6.37e-08
194000 6.41e-08
195000 6.43e-08
196000 6.44e-08
197000 6.47e-08
198000 6.56e-08
199000 6.69e-08
200000 6.68e-08
201000 6.67e-08
202000 6.62e-08
203000 7e-08
204000 6.37e-08
205000 6.37e-08
206000 6.35e-08
207000 6.36e-08
208000 6.35e-08
209000 6.43e-08
210000 6.45e-08
211000 6.45e-08
212000 6.51e-08
213000 6.37e-08
214000 6.37e-08
215000 6.5e-08
216000 6.37e-08
217000 6.37e-08
218000 6.4e-08
219000 6.22e-08
220000 6.21e-08
221000 6.22e-08
222000 6.24e-08
223000 6.22e-08
224000 6.25e-08
225000 6.2e-08
226000 6.22e-08
227000 7.53e-08
228000 6.37e-08
229000 6.35e-08
230000 6.37e-08
231000 6.85e-08
232000 6.37e-08
233000 6.37e-08
234000 6.37e-08
235000 6.37e-08
236000 6.37e-08
237000 6.37e-08
238000 6.38e-08
239000 6.37e-08
240000 6.43e-08
241000 6.44e-08
242000 6.37e-08
243000 6.37e-08
244000 6.37e-08
245000 6.37e-08
246000 6.37e-08
247000 6.48e-08
248000 6.22e-08
249000 6.47e-08
250000 6.2e-08
251000 6.46e-08
252000 6.35e-08
253000 6.37e-08
254000 6.45e-08
255000 6.37e-08
256000 6.35e-08
257000 6.37e-08
258000 6.47e-08
259000 6.4e-08
260000 6.37e-08
261000 6.63e-08
262000 6.69e-08
263000 7.11e-08
264000 7.12e-08
265000 7.18e-08
266000 7.06e-08
267000 7.08e-08
268000 7.04e-08
269000 7.05e-08
270000 6.68e-08
271000 6.7e-08
272000 6.7e-08
273000 7.05e-08
274000 6.71e-08
275000 6.71e-08
276000 6.79e-08
277000 6.71e-08
278000 6.72e-08
279000 6.7e-08
280000 6.7e-08
281000 6.7e-08
282000 6.7e-08
283000 6.8e-08
284000 6.69e-08
285000 6.7e-08
286000 6.7e-08
287000 6.71e-08
288000 6.73e-08
289000 6.83e-08
290000 6.71e-08
291000 6.81e-08
292000 6.55e-08
293000 6.54e-08
294000 6.7e-08
295000 7.05e-08
296000 6.69e-08
297000 6.69e-08
298000 6.71e-08
299000 6.68e-08
300000 6.7e-08
301000 6.69e-08
302000 6.68e-08
303000 6.77e-08
304000 6.69e-08
305000 6.75e-08
306000 6.76e-08
307000 6.79e-08
308000 6.77e-08
309000 6.7e-08
310000 6.78e-08
311000 6.7e-08
312000 6.74e-08
313000 7.39e-08
314000 6.7e-08
315000 6.74e-08
316000 8.09e-08
317000 6.9e-08
318000 6.83e-08
319000 6.72e-08
320000 6.86e-08
321000 6.71e-08
322000 6.7e-08
323000 6.84e-08
324000 7.17e-08
325000 6.7e-08
326000 6.73e-08
327000 6.74e-08
328000 6.76e-08
329000 6.7e-08
330000 6.8e-08
331000 6.83e-08
332000 6.68e-08
333000 7.23e-08
334000 6.7e-08
335000 6.7e-08
336000 6.73e-08
337000 6.78e-08
338000 6.81e-08
339000 6.69e-08
340000 7.06e-08
341000 6.75e-08
342000 6.75e-08
343000 6.74e-08
344000 6.71e-08
345000 6.69e-08
346000 6.67e-08
347000 7.15e-08
348000 6.73e-08
349000 6.7e-08
350000 6.7e-08
351000 6.91e-08
352000 6.79e-08
353000 6.8e-08
354000 6.75e-08
355000 6.68e-08
356000 6.74e-08
357000 6.55e-08
358000 6.52e-08
359000 6.57e-08
360000 7e-08
361000 6.71e-08
362000 6.71e-08
363000 6.8e-08
364000 6.69e-08
365000 6.69e-08
366000 6.78e-08
367000 6.75e-08
368000 6.71e-08
369000 6.68e-08
370000 6.75e-08
371000 6.72e-08
372000 6.69e-08
373000 6.68e-08
374000 6.77e-08
375000 6.81e-08
376000 6.77e-08
377000 6.76e-08
378000 6.54e-08
379000 6.69e-08
380000 6.88e-08
381000 6.67e-08
382000 6.77e-08
383000 6.68e-08
384000 6.71e-08
385000 6.76e-08
386000 6.7e-08
387000 6.69e-08
388000 6.7e-08
389000 6.75e-08
390000 6.72e-08
391000 6.68e-08
392000 6.82e-08
393000 6.76e-08
394000 6.71e-08
395000 6.97e-08
396000 6.71e-08
397000 6.54e-08
398000 6.75e-08
399000 6.78e-08
400000 6.76e-08
401000 6.7e-08
402000 6.82e-08
403000 6.83e-08
404000 6.69e-08
405000 6.69e-08
406000 6.68e-08
407000 6.75e-08
408000 6.78e-08
409000 6.7e-08
410000 6.7e-08
411000 6.75e-08
412000 6.68e-08
413000 6.69e-08
414000 6.77e-08
415000 6.71e-08
416000 6.83e-08
417000 6.72e-08
418000 6.71e-08
419000 6.82e-08
420000 6.68e-08
421000 6.69e-08
422000 6.69e-08
423000 6.68e-08
424000 6.98e-08
425000 6.68e-08
426000 6.7e-08
427000 6.68e-08
428000 6.68e-08
429000 6.82e-08
430000 6.7e-08
431000 6.7e-08
432000 6.74e-08
433000 6.68e-08
434000 6.68e-08
435000 6.7e-08
436000 6.54e-08
437000 6.9e-08
438000 6.86e-08
439000 6.68e-08
440000 6.74e-08
441000 6.71e-08
442000 6.95e-08
443000 6.68e-08
444000 6.79e-08
445000 6.94e-08
446000 6.73e-08
447000 6.8e-08
448000 6.7e-08
449000 6.74e-08
450000 6.85e-08
451000 6.69e-08
452000 6.77e-08
453000 6.54e-08
454000 6.76e-08
455000 7.08e-08
456000 6.69e-08
457000 6.7e-08
458000 6.79e-08
459000 6.92e-08
460000 6.74e-08
461000 6.73e-08
462000 6.81e-08
463000 6.82e-08
464000 6.68e-08
465000 6.68e-08
466000 6.69e-08
467000 6.74e-08
468000 6.79e-08
469000 7.22e-08
470000 6.69e-08
471000 6.57e-08
472000 6.54e-08
473000 6.54e-08
474000 6.54e-08
475000 6.87e-08
476000 6.94e-08
477000 6.68e-08
478000 6.68e-08
479000 6.81e-08
480000 6.68e-08
481000 7.12e-08
482000 6.72e-08
483000 6.75e-08
484000 6.77e-08
485000 6.8e-08
486000 6.68e-08
487000 6.73e-08
488000 6.78e-08
489000 6.81e-08
490000 7.01e-08
491000 6.55e-08
492000 6.71e-08
493000 6.68e-08
494000 6.68e-08
495000 6.71e-08
496000 6.72e-08
497000 6.68e-08
498000 6.73e-08
499000 6.68e-08
500000 6.77e-08
501000 6.82e-08
502000 6.81e-08
503000 6.82e-08
504000 6.7e-08
505000 6.55e-08
506000 6.69e-08
507000 6.95e-08
508000 6.74e-08
509000 6.76e-08
510000 6.7e-08
511000 6.8e-08
512000 6.68e-08
513000 6.85e-08
514000 6.68e-08
515000 6.93e-08
516000 6.71e-08
517000 6.73e-08
518000 6.53e-08
519000 6.69e-08
520000 6.68e-08
521000 6.7e-08
522000 6.74e-08
523000 6.75e-08
524000 6.74e-08
525000 7.13e-08
526000 6.97e-08
527000 7.32e-08
528000 7.09e-08
529000 7.15e-08
530000 7.13e-08
531000 7.04e-08
532000 7.04e-08
533000 7.03e-08
534000 6.87e-08
535000 7.05e-08
536000 7.04e-08
537000 7.11e-08
538000 7.02e-08
539000 7.04e-08
540000 7.09e-08
541000 7.02e-08
542000 7.31e-08
543000 9.78e-08
544000 7.13e-08
545000 7.09e-08
546000 7.03e-08
547000 7.04e-08
548000 7.14e-08
549000 7.08e-08
550000 7.05e-08
551000 6.87e-08
552000 7.09e-08
553000 7.16e-08
554000 7.01e-08
555000 7.02e-08
556000 7.01e-08
557000 7.04e-08
558000 7e-08
559000 7.04e-08
560000 7.35e-08
561000 8.2e-08
562000 7.02e-08
563000 7.08e-08
564000 7.04e-08
565000 7.04e-08
566000 7.19e-08
567000 7.03e-08
568000 7.04e-08
569000 7.04e-08
570000 7.03e-08
571000 7.09e-08
572000 6.87e-08
573000 7.06e-08
574000 6.87e-08
575000 7.13e-08
576000 7.45e-08
577000 7.04e-08
578000 7.03e-08
579000 7.03e-08
580000 7.04e-08
581000 7.04e-08
582000 7.27e-08
583000 6.87e-08
584000 7.15e-08
585000 7.51e-08
586000 7.12e-08
587000 7.01e-08
588000 7.02e-08
589000 7.04e-08
590000 7.04e-08
591000 7.01e-08
592000 7.79e-08
593000 7.47e-08
594000 8.75e-08
595000 7.14e-08
596000 7.04e-08
597000 7.04e-08
598000 7.03e-08
599000 7.31e-08
600000 7.02e-08
601000 7.01e-08
602000 7.08e-08
603000 7.01e-08
604000 7.02e-08
605000 7.01e-08
606000 7.02e-08
607000 7.12e-08
608000 7.03e-08
609000 7.02e-08
610000 7.04e-08
611000 7.13e-08
612000 7.04e-08
613000 7.05e-08
614000 7.09e-08
615000 7.04e-08
616000 7.11e-08
617000 7.3e-08
618000 7.04e-08
619000 7.12e-08
620000 7.15e-08
621000 6.89e-08
622000 7.03e-08
623000 7.3e-08
624000 7.27e-08
625000 7.04e-08
626000 7.04e-08
627000 7.08e-08
628000 7.04e-08
629000 7.07e-08
630000 7.11e-08
631000 7.03e-08
632000 7.13e-08
633000 7.52e-08
634000 7.08e-08
635000 7.04e-08
636000 7.47e-08
637000 7.08e-08
638000 7.11e-08
639000 7.36e-08
640000 6.87e-08
641000 7.05e-08
642000 7.02e-08
643000 7.03e-08
644000 7.1e-08
645000 7.01e-08
646000 7.01e-08
647000 7.05e-08
648000 7.01e-08
649000 7.02e-08
650000 6.89e-08
651000 6.89e-08
652000 6.84e-08
653000 7.02e-08
654000 8.37e-08
655000 7.05e-08
656000 7.02e-08
657000 7.18e-08
658000 7.02e-08
659000 7.23e-08
660000 7.04e-08
661000 7.13e-08
662000 7.28e-08
663000 6.85e-08
664000 6.88e-08
665000 6.9e-08
666000 7.44e-08
667000 6.86e-08
668000 7.04e-08
669000 7.06e-08
670000 9.86e-08
671000 7.09e-08
672000 7.02e-08
673000 7.02e-08
674000 7.03e-08
675000 7.03e-08
676000 7.1e-08
677000 6.87e-08
678000 7.11e-08
679000 7.32e-08
680000 6.85e-08
681000 6.87e-08
682000 7.16e-08
683000 7.39e-08
684000 8.51e-08
685000 7.04e-08
686000 6.87e-08
687000 7.09e-08
688000 7.13e-08
689000 7.1e-08
690000 6.88e-08
691000 7.03e-08
692000 7.03e-08
693000 7.05e-08
694000 7.54e-08
695000 6.87e-08
696000 6.87e-08
697000 6.89e-08
698000 7.25e-08
699000 6.86e-08
700000 6.87e-08
701000 7.04e-08
702000 7.04e-08
703000 7.08e-08
704000 7.01e-08
705000 7.1e-08
706000 7.04e-08
707000 7.06e-08
708000 7.54e-08
709000 6.89e-08
710000 7.36e-08
711000 6.89e-08
712000 6.87e-08
713000 7.12e-08
714000 7.39e-08
715000 7.04e-08
716000 7.36e-08
717000 7.26e-08
718000 7.06e-08
719000 7.03e-08
720000 7.04e-08
721000 7.03e-08
722000 7.03e-08
723000 7.03e-08
724000 7.04e-08
725000 7.04e-08
726000 7.06e-08
727000 7.11e-08
728000 7.07e-08
729000 7.04e-08
730000 7.04e-08
731000 7.02e-08
732000 7.02e-08
733000 7.17e-08
734000 7.02e-08
735000 7.05e-08
736000 7.21e-08
737000 7.06e-08
738000 6.87e-08
739000 6.87e-08
740000 7.13e-08
741000 7.62e-08
742000 7.15e-08
743000 7.09e-08
744000 7.04e-08
745000 7.04e-08
746000 7.14e-08
747000 7.02e-08
748000 7.13e-08
749000 7.02e-08
750000 7.26e-08
751000 6.87e-08
752000 6.87e-08
753000 6.9e-08
754000 7.23e-08
755000 7.09e-08
756000 7.26e-08
757000 6.87e-08
758000 7.1e-08
759000 7.16e-08
760000 7.03e-08
761000 7.33e-08
762000 7.31e-08
763000 6.87e-08
764000 7.29e-08
765000 6.87e-08
766000 7.02e-08
767000 6.87e-08
768000 6.85e-08
769000 7.31e-08
770000 6.87e-08
771000 7.04e-08
772000 7.04e-08
773000 7.08e-08
774000 7.53e-08
775000 7.11e-08
776000 7.37e-08
777000 7.02e-08
778000 6.89e-08
779000 7.04e-08
780000 6.85e-08
781000 6.87e-08
782000 7.32e-08
783000 7.22e-08
784000 7.04e-08
785000 7.06e-08
786000 7.1e-08
787000 7.4e-08
788000 7.4e-08
789000 7.71e-08
790000 6.87e-08
791000 6.87e-08
792000 6.87e-08
793000 6.87e-08
794000 7.08e-08
795000 6.87e-08
796000 7.13e-08
797000 6.87e-08
798000 6.87e-08
799000 7.14e-08
800000 7.03e-08
801000 7.04e-08
802000 7.14e-08
803000 7.04e-08
804000 6.87e-08
805000 6.89e-08
806000 7.36e-08
807000 7.36e-08
808000 6.87e-08
809000 7.15e-08
810000 7.88e-08
811000 7.04e-08
812000 7.28e-08
813000 7.03e-08
814000 7.1e-08
815000 7.08e-08
816000 7.55e-08
817000 6.85e-08
818000 6.87e-08
819000 6.87e-08
820000 6.85e-08
821000 6.87e-08
822000 6.9e-08
823000 8.18e-08
824000 7.04e-08
825000 6.9e-08
826000 6.87e-08
827000 7.12e-08
828000 7.05e-08
829000 7.05e-08
830000 6.87e-08
831000 6.89e-08
832000 6.87e-08
833000 6.87e-08
834000 6.87e-08
835000 6.87e-08
836000 6.87e-08
837000 6.88e-08
838000 7.13e-08
839000 7.02e-08
840000 7.25e-08
841000 7.1e-08
842000 1.037e-07
843000 6.88e-08
844000 7.11e-08
845000 1.13e-07
846000 7.04e-08
847000 7.21e-08
848000 7.3e-08
849000 7.83e-08
850000 7.04e-08
851000 7.39e-08
852000 7.06e-08
853000 7.16e-08
854000 6.87e-08
855000 6.87e-08
856000 6.88e-08
857000 6.88e-08
858000 6.87e-08
859000 6.87e-08
860000 6.85e-08
861000 6.87e-08
862000 7.42e-08
863000 7.02e-08
864000 7.04e-08
865000 7.04e-08
866000 7.01e-08
867000 7.02e-08
868000 6.87e-08
869000 6.9e-08
870000 7.16e-08
871000 6.96e-08
872000 6.87e-08
873000 6.94e-08
874000 6.85e-08
875000 7.59e-08
876000 7.2e-08
877000 7.08e-08
878000 7.04e-08
879000 7.01e-08
880000 7.04e-08
881000 7.03e-08
882000 7.32e-08
883000 6.87e-08
884000 6.87e-08
885000 7.04e-08
886000 7.04e-08
887000 7.04e-08
888000 7.03e-08
889000 7.09e-08
890000 7.08e-08
891000 7.04e-08
892000 7.09e-08
893000 6.87e-08
894000 7.05e-08
895000 7.02e-08
896000 7.02e-08
897000 6.87e-08
898000 6.86e-08
899000 6.87e-08
900000 6.87e-08
901000 6.91e-08
902000 7.26e-08
903000 7.26e-08
904000 6.87e-08
905000 6.87e-08
906000 6.86e-08
907000 6.86e-08
908000 6.87e-08
909000 6.87e-08
910000 6.92e-08
911000 7.03e-08
912000 6.87e-08
913000 6.86e-08
914000 7.31e-08
915000 7.02e-08
916000 7.04e-08
917000 7.02e-08
918000 7.02e-08
919000 7.02e-08
920000 7.15e-08
921000 7.13e-08
922000 7.05e-08
923000 7.03e-08
924000 7.04e-08
925000 8.44e-08
926000 7.34e-08
927000 7.01e-08
928000 7.04e-08
929000 7.01e-08
930000 7.06e-08
931000 7.09e-08
932000 7.04e-08
933000 7.04e-08
934000 7.04e-08
935000 6.87e-08
936000 7.18e-08
937000 6.87e-08
938000 7.01e-08
939000 7.62e-08
940000 6.87e-08
941000 7.04e-08
942000 7.04e-08
943000 7.15e-08
944000 6.87e-08
945000 6.88e-08
946000 6.88e-08
947000 7.73e-08
948000 6.87e-08
949000 6.9e-08
950000 6.87e-08
951000 6.88e-08
952000 7.03e-08
953000 7.04e-08
954000 7.04e-08
955000 7.08e-08
956000 7.09e-08
957000 7.16e-08
958000 7.05e-08
959000 6.87e-08
960000 6.89e-08
961000 6.91e-08
962000 6.87e-08
963000 6.88e-08
964000 7.09e-08
965000 7.11e-08
966000 6.87e-08
967000 6.86e-08
968000 7.29e-08
969000 6.87e-08
970000 6.87e-08
971000 6.87e-08
972000 6.87e-08
973000 6.87e-08
974000 7.72e-08
975000 6.87e-08
976000 7.78e-08
977000 7.04e-08
978000 7.67e-08
979000 6.87e-08
980000 6.87e-08
981000 7.16e-08
982000 6.87e-08
983000 7.27e-08
984000 6.87e-08
985000 6.86e-08
986000 8.36e-08
987000 7.04e-08
988000 7.21e-08
989000 7.01e-08
990000 7.06e-08
991000 7.02e-08
992000 7.08e-08
993000 7.03e-08
994000 6.87e-08
995000 6.87e-08
996000 6.87e-08
997000 6.87e-08
998000 7.33e-08
999000 6.87e-08
1000000 6.87e-08
1001000 7.32e-08
1002000 6.87e-08
1003000 7.01e-08
1004000 6.9e-08
1005000 6.87e-08
1006000 7.3e-08
1007000 6.87e-08
1008000 6.89e-08
1009000 7.01e-08
1010000 6.87e-08
1011000 7.04e-08
1012000 7.04e-08
1013000 7.02e-08
1014000 7.12e-08
1015000 7.05e-08
1016000 7.04e-08
1017000 7.04e-08
1018000 7.33e-08
1019000 6.87e-08
1020000 6.88e-08
1021000 6.87e-08
1022000 7.11e-08
1023000 7.02e-08
1024000 7.02e-08
1025000 7.06e-08
1026000 7.05e-08
1027000 7.02e-08
1028000 6.88e-08
1029000 6.87e-08
1030000 6.87e-08
1031000 7.28e-08
1032000 6.86e-08
1033000 6.87e-08
1034000 7.02e-08
1035000 6.85e-08
1036000 7.01e-08
1037000 7.01e-08
1038000 7.07e-08
1039000 7.02e-08
1040000 6.87e-08
1041000 6.85e-08
1042000 7.28e-08
1043000 6.87e-08
1044000 6.87e-08
1045000 6.92e-08
1046000 7.72e-08
1047000 7.17e-08
1048000 7.1e-08
1049000 7.55e-08
1050000 7.5e-08
1051000 7.47e-08
1052000 7.47e-08
1053000 7.44e-08
1054000 7.25e-08
1055000 7.25e-08
1056000 7.24e-08
1057000 7.17e-08
1058000 7.39e-08
1059000 7.36e-08
1060000 7.57e-08
1061000 7.25e-08
1062000 7.19e-08
1063000 7.6e-08
1064000 7.19e-08
1065000 7.2e-08
1066000 7.22e-08
1067000 7.62e-08
1068000 7.19e-08
1069000 8.07e-08
1070000 7.58e-08
1071000 7.47e-08
1072000 7.37e-08
1073000 7.35e-08
1074000 7.37e-08
1075000 7.37e-08
1076000 7.74e-08
1077000 7.35e-08
1078000 7.2e-08
1079000 7.2e-08
1080000 7.35e-08
1081000 7.38e-08
1082000 7.87e-08
1083000 7.47e-08
1084000 7.39e-08
1085000 7.69e-08
1086000 7.17e-08
1087000 7.17e-08
1088000 7.65e-08
1089000 7.2e-08
1090000 7.2e-08
1091000 7.19e-08
1092000 7.38e-08
1093000 7.48e-08
1094000 7.43e-08
1095000 7.34e-08
1096000 7.44e-08
1097000 7.84e-08
1098000 7.2e-08
1099000 7.21e-08
1100000 7.7e-08
1101000 7.18e-08
1102000 7.2e-08
1103000 7.2e-08
1104000 7.53e-08
1105000 7.39e-08
1106000 7.35e-08
1107000 7.35e-08
1108000 7.38e-08
1109000 7.46e-08
1110000 7.35e-08
1111000 8.03e-08
1112000 7.2e-08
1113000 7.19e-08
1114000 7.64e-08
1115000 7.38e-08
1116000 7.63e-08
1117000 7.2e-08
1118000 7.22e-08
1119000 7.43e-08
1120000 7.2e-08
1121000 7.2e-08
1122000 7.19e-08
1123000 7.2e-08
1124000 7.2e-08
1125000 7.28e-08
1126000 7.2e-08
1127000 7.2e-08
1128000 7.75e-08
1129000 7.42e-08
1130000 7.35e-08
1131000 7.68e-08
1132000 7.2e-08
1133000 7.2e-08
1134000 7.61e-08
1135000 7.53e-08
1136000 7.2e-08
1137000 7.19e-08
1138000 7.2e-08
1139000 7.38e-08
1140000 7.37e-08
1141000 7.34e-08
1142000 7.35e-08
1143000 7.44e-08
1144000 7.61e-08
1145000 7.18e-08
1146000 7.65e-08
1147000 8.27e-08
1148000 7.39e-08
1149000 7.35e-08
1150000 7.35e-08
1151000 7.35e-08
1152000 7.41e-08
1153000 7.57e-08
1154000 7.22e-08
1155000 7.22e-08
1156000 7.19e-08
1157000 7.23e-08
1158000 7.47e-08
1159000 7.22e-08
1160000 7.47e-08
1161000 7.34e-08
1162000 7.77e-08
1163000 7.2e-08
1164000 7.2e-08
1165000 7.22e-08
1166000 7.2e-08
1167000 7.59e-08
1168000 7.17e-08
1169000 7.37e-08
1170000 7.79e-08
1171000 7.41e-08
1172000 7.35e-08
1173000 7.19e-08
1174000 7.2e-08
1175000 7.2e-08
1176000 7.22e-08
1177000 7.2e-08
1178000 9.65e-08
1179000 7.2e-08
1180000 7.6e-08
1181000 7.19e-08
1182000 7.69e-08
1183000 7.19e-08
1184000 7.6e-08
1185000 7.61e-08
1186000 7.19e-08
1187000 7.21e-08
1188000 7.21e-08
1189000 7.18e-08
1190000 7.19e-08
1191000 7.56e-08
1192000 7.17e-08
1193000 7.42e-08
1194000 7.38e-08
1195000 7.35e-08
1196000 7.37e-08
1197000 7.37e-08
1198000 7.34e-08
1199000 7.59e-08
1200000 7.2e-08
1201000 7.38e-08
1202000 7.2e-08
1203000 7.9e-08
1204000 7.38e-08
1205000 7.43e-08
1206000 7.37e-08
1207000 7.65e-08
1208000 7.37e-08
1209000 7.4e-08
1210000 7.37e-08
1211000 7.42e-08
1212000 7.37e-08
1213000 7.2e-08
1214000 7.37e-08
1215000 7.39e-08
1216000 7.38e-08
1217000 7.39e-08
1218000 7.36e-08
1219000 7.35e-08
1220000 7.38e-08
1221000 7.37e-08
1222000 7.36e-08
1223000 7.34e-08
1224000 7.43e-08
1225000 7.5e-08
1226000 7.37e-08
1227000 7.37e-08
1228000 7.37e-08
1229000 7.36e-08
1230000 7.4e-08
1231000 7.36e-08
1232000 7.22e-08
1233000 7.2e-08
1234000 7.38e-08
1235000 7.75e-08
1236000 7.37e-08
1237000 7.38e-08
1238000 7.39e-08
1239000 7.2e-08
1240000 7.2e-08
1241000 7.2e-08
1242000 7.17e-08
1243000 7.21e-08
1244000 8.5e-08
1245000 7.42e-08
1246000 7.2e-08
1247000 7.96e-08
1248000 7.22e-08
1249000 7.65e-08
1250000 7.17e-08
1251000 7.18e-08
1252000 7.2e-08
1253000 7.19e-08
1254000 7.17e-08
1255000 7.2e-08
1256000 8.02e-08
1257000 7.48e-08
1258000 7.34e-08
1259000 7.63e-08
1260000 7.2e-08
1261000 7.2e-08
1262000 7.2e-08
1263000 7.2e-08
1264000 7.2e-08
1265000 7.19e-08
1266000 7.6e-08
1267000 7.2e-08
1268000 7.2e-08
1269000 7.17e-08
1270000 7.2e-08
1271000 7.2e-08
1272000 7.35e-08
1273000 7.86e-08
1274000 7.35e-08
1275000 7.35e-08
1276000 7.79e-08
1277000 7.41e-08
1278000 7.32e-08
1279000 7.19e-08
1280000 7.37e-08
1281000 7.63e-08
1282000 7.22e-08
1283000 7.18e-08
1284000 7.22e-08
1285000 7.53e-08
1286000 9.18e-08
1287000 7.38e-08
1288000 7.9e-08
1289000 7.41e-08
1290000 7.35e-08
1291000 7.21e-08
1292000 7.82e-08
1293000 7.19e-08
1294000 7.2e-08
1295000 7.2e-08
1296000 7.6e-08
1297000 7.35e-08
1298000 7.2e-08
1299000 7.35e-08
1300000 7.3e-08
1301000 1.11e-07
1302000 7.2e-08
1303000 7.38e-08
1304000 7.2e-08
1305000 9.03e-08
1306000 7.39e-08
1307000 7.38e-08
1308000 7.35e-08
1309000 7.39e-08
1310000 7.2e-08
1311000 7.27e-08
1312000 7.7e-08
1313000 7.2e-08
1314000 7.19e-08
1315000 9.89e-08
1316000 7.19e-08
1317000 7.86e-08
1318000 7.48e-08
1319000 7.37e-08
1320000 7.2e-08
1321000 7.56e-08
1322000 7.2e-08
1323000 7.35e-08
1324000 7.2e-08
1325000 7.37e-08
1326000 7.37e-08
1327000 7.63e-08
1328000 7.2e-08
1329000 7.19e-08
1330000 7.63e-08
1331000 7.23e-08
1332000 7.37e-08
1333000 7.35e-08
1334000 7.36e-08
1335000 7.35e-08
1336000 7.35e-08
1337000 7.37e-08
1338000 7.39e-08
1339000 7.44e-08
1340000 7.2e-08
1341000 7.22e-08
1342000 7.19e-08
1343000 7.2e-08
1344000 7.2e-08
1345000 7.37e-08
1346000 8.15e-08
1347000 7.36e-08
1348000 7.41e-08
1349000 7.81e-08
1350000 7.2e-08
1351000 7.2e-08
1352000 7.59e-08
1353000 7.44e-08
1354000 7.2e-08
1355000 7.44e-08
1356000 7.82e-08
1357000 7.41e-08
1358000 7.19e-08
1359000 7.64e-08
1360000 7.2e-08
1361000 7.18e-08
1362000 7.19e-08
1363000 7.19e-08
1364000 7.22e-08
1365000 7.2e-08
1366000 7.5e-08
1367000 7.81e-08
1368000 7.53e-08
1369000 7.2e-08
1370000 7.2e-08
1371000 7.2e-08
1372000 7.2e-08
1373000 7.24e-08
1374000 7.2e-08
1375000 8.73e-08
1376000 7.49e-08
1377000 7.19e-08
1378000 7.17e-08
1379000 7.2e-08
1380000 7.2e-08
1381000 7.2e-08
1382000 7.66e-08
1383000 7.18e-08
1384000 7.22e-08
1385000 7.38e-08
1386000 7.53e-08
1387000 7.49e-08
1388000 7.45e-08
1389000 7.2e-08
1390000 7.54e-08
1391000 7.23e-08
1392000 7.21e-08
1393000 7.19e-08
1394000 7.64e-08
1395000 7.63e-08
1396000 7.34e-08
1397000 7.4e-08
1398000 7.26e-08
1399000 7.69e-08
1400000 7.2e-08
1401000 7.2e-08
1402000 7.2e-08
1403000 7.63e-08
1404000 7.2e-08
1405000 7.6e-08
1406000 7.34e-08
1407000 7.4e-08
1408000 7.37e-08
1409000 7.37e-08
1410000 7.22e-08
1411000 7.43e-08
1412000 7.2e-08
1413000 7.19e-08
1414000 7.24e-08
1415000 7.67e-08
1416000 7.37e-08
1417000 7.19e-08
1418000 7.2e-08
1419000 7.23e-08
1420000 7.72e-08
1421000 7.2e-08
1422000 7.19e-08
1423000 7.2e-08
1424000 7.19e-08
1425000 7.22e-08
1426000 7.37e-08
1427000 7.53e-08
1428000 7.68e-08
1429000 7.2e-08
1430000 7.19e-08
1431000 7.2e-08
1432000 7.64e-08
1433000 7.2e-08
1434000 7.2e-08
1435000 7.37e-08
1436000 7.58e-08
1437000 7.21e-08
1438000 7.19e-08
1439000 7.19e-08
1440000 7.2e-08
1441000 7.59e-08
1442000 7.19e-08
1443000 7.19e-08
1444000 7.23e-08
1445000 7.58e-08
1446000 7.95e-08
1447000 7.19e-08
1448000 7.58e-08
1449000 7.2e-08
1450000 7.23e-08
1451000 7.58e-08
1452000 7.21e-08
1453000 7.19e-08
1454000 7.44e-08
1455000 7.36e-08
1456000 7.19e-08
1457000 7.85e-08
1458000 7.2e-08
1459000 7.19e-08
1460000 7.19e-08
1461000 7.19e-08
1462000 7.67e-08
1463000 7.2e-08
1464000 7.38e-08
1465000 7.18e-08
1466000 7.21e-08
1467000 7.87e-08
1468000 7.59e-08
1469000 7.2e-08
1470000 7.22e-08
1471000 7.2e-08
1472000 7.2e-08
1473000 7.42e-08
1474000 9.42e-08
1475000 7.22e-08
1476000 7.18e-08
1477000 7.18e-08
1478000 7.17e-08
1479000 7.2e-08
1480000 7.62e-08
1481000 7.2e-08
1482000 7.2e-08
1483000 7.18e-08
1484000 7.17e-08
1485000 7.2e-08
1486000 7.19e-08
1487000 7.64e-08
1488000 7.2e-08
1489000 7.17e-08
1490000 7.35e-08
1491000 7.2e-08
1492000 7.53e-08
1493000 9.81e-08
1494000 7.62e-08
1495000 7.56e-08
1496000 7.21e-08
1497000 7.22e-08
1498000 7.19e-08
1499000 7.19e-08
1500000 7.19e-08
1501000 7.39e-08
1502000 7.62e-08
1503000 7.19e-08
1504000 7.18e-08
1505000 7.22e-08
1506000 7.21e-08
1507000 7.17e-08
1508000 7.2e-08
1509000 7.85e-08
1510000 7.58e-08
1511000 7.63e-08
1512000 7.71e-08
1513000 7.25e-08
1514000 7.2e-08
1515000 7.2e-08
1516000 7.19e-08
1517000 7.2e-08
1518000 7.2e-08
1519000 7.64e-08
1520000 7.63e-08
1521000 7.73e-08
1522000 7.2e-08
1523000 7.2e-08
1524000 7.19e-08
1525000 7.2e-08
1526000 7.2e-08
1527000 7.21e-08
1528000 7.88e-08
1529000 7.37e-08
1530000 7.2e-08
1531000 7.44e-08
1532000 7.44e-08
1533000 7.43e-08
1534000 7.18e-08
1535000 7.19e-08
1536000 7.19e-08
1537000 7.2e-08
1538000 7.21e-08
1539000 7.4e-08
1540000 7.22e-08
1541000 7.18e-08
1542000 7.56e-08
1543000 7.2e-08
1544000 7.59e-08
1545000 7.65e-08
1546000 7.2e-08
1547000 7.2e-08
1548000 8.32e-08
1549000 7.65e-08
1550000 7.65e-08
1551000 7.3e-08
1552000 7.19e-08
1553000 7.2e-08
1554000 7.18e-08
1555000 7.2e-08
1556000 7.38e-08
1557000 7.37e-08
1558000 7.38e-08
1559000 7.2e-08
1560000 7.21e-08
1561000 7.43e-08
1562000 7.19e-08
1563000 7.2e-08
1564000 7.93e-08
1565000 7.2e-08
1566000 7.19e-08
1567000 7.18e-08
1568000 7.19e-08
1569000 7.19e-08
1570000 7.65e-08
1571000 7.86e-08
1572000 7.66e-08
1573000 7.71e-08
1574000 7.72e-08
1575000 8.06e-08
1576000 7.52e-08
1577000 7.71e-08
1578000 7.38e-08
1579000 7.24e-08
1580000 7.64e-08
1581000 7.7e-08
1582000 7.47e-08
1583000 7.66e-08
1584000 7.74e-08
1585000 7.65e-08
1586000 7.67e-08
1587000 7.66e-08
1588000 7.64e-08
1589000 7.2e-08
1590000 7.2e-08
1591000 7.39e-08
1592000 7.18e-08
1593000 7.65e-08
1594000 7.62e-08
1595000 7.64e-08
1596000 7.25e-08
1597000 7.2e-08
1598000 7.38e-08
1599000 7.2e-08
1600000 7.37e-08
1601000 7.68e-08
1602000 7.4e-08
1603000 7.2e-08
1604000 7.2e-08
1605000 7.2e-08
1606000 7.22e-08
1607000 7.65e-08
1608000 7.67e-08
1609000 7.17e-08
1610000 7.19e-08
1611000 7.82e-08
1612000 7.17e-08
1613000 7.19e-08
1614000 7.2e-08
1615000 7.44e-08
1616000 7.2e-08
1617000 7.17e-08
1618000 7.36e-08
1619000 7.86e-08
1620000 7.18e-08
1621000 7.19e-08
1622000 7.2e-08
1623000 7.2e-08
1624000 7.2e-08
1625000 7.2e-08
1626000 7.21e-08
1627000 7.41e-08
1628000 7.78e-08
1629000 7.63e-08
1630000 7.17e-08
1631000 7.2e-08
1632000 7.18e-08
1633000 7.2e-08
1634000 7.2e-08
1635000 7.22e-08
1636000 7.23e-08
1637000 7.85e-08
1638000 7.2e-08
1639000 7.2e-08
1640000 7.2e-08
1641000 7.2e-08
1642000 7.2e-08
1643000 7.2e-08
1644000 7.2e-08
1645000 7.23e-08
1646000 7.64e-08
1647000 8.28e-08
1648000 7.22e-08
1649000 7.2e-08
1650000 7.53e-08
1651000 7.2e-08
1652000 7.2e-08
1653000 7.2e-08
1654000 7.59e-08
1655000 7.2e-08
1656000 7.17e-08
1657000 7.19e-08
1658000 7.18e-08
1659000 7.2e-08
1660000 7.59e-08
1661000 7.64e-08
1662000 7.58e-08
1663000 7.35e-08
1664000 7.44e-08
1665000 7.2e-08
1666000 7.19e-08
1667000 7.17e-08
1668000 7.18e-08
1669000 7.55e-08
1670000 7.2e-08
1671000 7.48e-08
1672000 7.4e-08
1673000 7.17e-08
1674000 7.25e-08
1675000 7.18e-08
1676000 7.52e-08
1677000 7.55e-08
1678000 7.59e-08
1679000 7.64e-08
1680000 7.97e-08
1681000 7.22e-08
1682000 7.2e-08
1683000 7.18e-08
1684000 7.2e-08
1685000 7.23e-08
1686000 7.19e-08
1687000 7.2e-08
1688000 7.2e-08
1689000 7.61e-08
1690000 7.35e-08
1691000 7.2e-08
1692000 7.34e-08
1693000 7.19e-08
1694000 7.2e-08
1695000 7.2e-08
1696000 7.2e-08
1697000 7.6e-08
1698000 7.66e-08
1699000 7.2e-08
1700000 7.88e-08
1701000 7.71e-08
1702000 7.67e-08
1703000 7.19e-08
1704000 7.2e-08
1705000 7.53e-08
1706000 7.2e-08
1707000 7.2e-08
1708000 7.23e-08
1709000 7.2e-08
1710000 7.44e-08
1711000 7.2e-08
1712000 7.2e-08
1713000 7.18e-08
1714000 7.62e-08
1715000 7.47e-08
1716000 7.2e-08
1717000 7.2e-08
1718000 7.2e-08
1719000 7.2e-08
1720000 7.24e-08
1721000 7.64e-08
1722000 7.2e-08
1723000 7.22e-08
1724000 7.2e-08
1725000 7.2e-08
1726000 7.59e-08
1727000 7.59e-08
1728000 7.22e-08
1729000 7.19e-08
1730000 7.2e-08
1731000 7.2e-08
1732000 7.2e-08
1733000 7.2e-08
1734000 7.2e-08
1735000 8.04e-08
1736000 7.2e-08
1737000 7.2e-08
1738000 7.57e-08
1739000 7.63e-08
1740000 7.2e-08
1741000 7.21e-08
1742000 7.2e-08
1743000 7.44e-08
1744000 7.2e-08
1745000 7.2e-08
1746000 7.34e-08
1747000 7.2e-08
1748000 7.38e-08
1749000 7.59e-08
1750000 7.23e-08
1751000 7.21e-08
1752000 7.87e-08
1753000 7.2e-08
1754000 7.53e-08
1755000 7.22e-08
1756000 7.19e-08
1757000 7.2e-08
1758000 7.61e-08
1759000 7.43e-08
1760000 7.2e-08
1761000 7.18e-08
1762000 7.4e-08
1763000 7.63e-08
1764000 7.19e-08
1765000 7.2e-08
1766000 7.2e-08
1767000 7.19e-08
1768000 7.87e-08
1769000 7.2e-08
1770000 7.21e-08
1771000 7.64e-08
1772000 7.22e-08
1773000 7.2e-08
1774000 7.2e-08
1775000 7.21e-08
1776000 7.55e-08
1777000 7.17e-08
1778000 7.6e-08
1779000 7.41e-08
1780000 7.2e-08
1781000 7.19e-08
1782000 7.2e-08
1783000 7.58e-08
1784000 7.2e-08
1785000 7.31e-08
1786000 7.6e-08
1787000 7.37e-08
1788000 7.4e-08
1789000 7.2e-08
1790000 7.89e-08
1791000 7.2e-08
1792000 7.2e-08
1793000 7.19e-08
1794000 7.21e-08
1795000 7.2e-08
1796000 7.24e-08
1797000 7.19e-08
1798000 7.2e-08
1799000 7.61e-08
1800000 7.2e-08
1801000 7.19e-08
1802000 7.2e-08
1803000 7.58e-08
1804000 7.18e-08
1805000 7.2e-08
1806000 7.17e-08
1807000 7.19e-08
1808000 7.17e-08
1809000 7.2e-08
1810000 7.19e-08
1811000 7.62e-08
1812000 7.22e-08
1813000 7.22e-08
1814000 7.17e-08
1815000 7.46e-08
1816000 7.19e-08
1817000 7.2e-08
1818000 7.76e-08
1819000 7.2e-08
1820000 7.2e-08
1821000 7.21e-08
1822000 7.65e-08
1823000 7.17e-08
1824000 7.2e-08
1825000 8.45e-08
1826000 7.19e-08
1827000 7.19e-08
1828000 7.36e-08
1829000 7.35e-08
1830000 7.37e-08
1831000 7.42e-08
1832000 7.38e-08
1833000 7.62e-08
1834000 7.2e-08
1835000 7.62e-08
1836000 7.24e-08
1837000 7.27e-08
1838000 7.19e-08
1839000 7.63e-08
1840000 7.2e-08
1841000 7.17e-08
1842000 7.68e-08
1843000 7.2e-08
1844000 7.21e-08
1845000 7.2e-08
1846000 7.58e-08
1847000 7.2e-08
1848000 8.43e-08
1849000 7.62e-08
1850000 7.19e-08
1851000 7.2e-08
1852000 7.2e-08
1853000 7.2e-08
1854000 7.2e-08
1855000 7.2e-08
1856000 7.99e-08
1857000 7.19e-08
1858000 7.22e-08
1859000 7.62e-08
1860000 7.2e-08
1861000 7.2e-08
1862000 7.2e-08
1863000 7.19e-08
1864000 8.11e-08
1865000 7.6e-08
1866000 7.19e-08
1867000 7.21e-08
1868000 7.17e-08
1869000 7.2e-08
1870000 7.51e-08
1871000 7.18e-08
1872000 7.97e-08
1873000 9.44e-08
1874000 7.5e-08
1875000 7.18e-08
1876000 7.2e-08
1877000 7.22e-08
1878000 7.2e-08
1879000 7.2e-08
1880000 7.51e-08
1881000 7.56e-08
1882000 7.2e-08
1883000 7.2e-08
1884000 7.19e-08
1885000 7.48e-08
1886000 7.2e-08
1887000 7.19e-08
1888000 7.47e-08
1889000 7.22e-08
1890000 7.4e-08
1891000 7.46e-08
1892000 7.45e-08
1893000 7.37e-08
1894000 7.19e-08
1895000 7.37e-08
1896000 7.38e-08
1897000 7.63e-08
1898000 7.37e-08
1899000 7.39e-08
1900000 7.26e-08
1901000 7.69e-08
1902000 7.19e-08
1903000 7.41e-08
1904000 7.78e-08
1905000 7.22e-08
1906000 7.19e-08
1907000 7.2e-08
1908000 7.2e-08
1909000 7.77e-08
1910000 7.2e-08
1911000 7.19e-08
1912000 7.59e-08
1913000 7.22e-08
1914000 7.2e-08
1915000 7.61e-08
1916000 7.19e-08
1917000 7.2e-08
1918000 7.22e-08
1919000 7.17e-08
1920000 7.38e-08
1921000 7.22e-08
1922000 7.23e-08
1923000 7.62e-08
1924000 7.2e-08
1925000 7.2e-08
1926000 7.58e-08
1927000 7.18e-08
1928000 7.6e-08
1929000 7.2e-08
1930000 7.23e-08
1931000 7.63e-08
1932000 7.2e-08
1933000 7.25e-08
1934000 7.2e-08
1935000 7.2e-08
1936000 8.39e-08
1937000 7.2e-08
1938000 7.2e-08
1939000 7.56e-08
1940000 7.52e-08
1941000 7.2e-08
1942000 7.2e-08
1943000 7.2e-08
1944000 7.63e-08
1945000 7.46e-08
1946000 7.22e-08
1947000 7.18e-08
1948000 7.2e-08
1949000 7.59e-08
1950000 7.17e-08
1951000 7.18e-08
1952000 7.7e-08
1953000 7.18e-08
1954000 7.65e-08
1955000 7.17e-08
1956000 7.2e-08
1957000 7.17e-08
1958000 7.2e-08
1959000 7.23e-08
1960000 7.18e-08
1961000 7.2e-08
1962000 7.2e-08
1963000 7.76e-08
1964000 7.2e-08
1965000 7.19e-08
1966000 7.62e-08
1967000 7.19e-08
1968000 7.2e-08
1969000 7.91e-08
1970000 7.61e-08
1971000 7.2e-08
1972000 7.38e-08
1973000 7.35e-08
1974000 7.37e-08
1975000 7.4e-08
1976000 7.49e-08
1977000 7.2e-08
1978000 7.41e-08
1979000 7.39e-08
1980000 7.36e-08
1981000 7.35e-08
1982000 7.2e-08
1983000 7.23e-08
1984000 7.22e-08
1985000 7.54e-08
1986000 7.35e-08
1987000 8.04e-08
1988000 7.37e-08
1989000 7.4e-08
1990000 7.2e-08
1991000 7.19e-08
1992000 7.23e-08
1993000 8e-08
1994000 7.6e-08
1995000 7.19e-08
1996000 7.67e-08
1997000 7.21e-08
1998000 7.2e-08
1999000 7.22e-08
2000000 7.2e-08
2001000 7.2e-08
2002000 7.36e-08
2003000 7.35e-08
2004000 7.2e-08
2005000 7.19e-08
2006000 7.2e-08
2007000 7.17e-08
2008000 7.2e-08
2009000 7.61e-08
2010000 7.19e-08
2011000 7.6e-08
2012000 7.19e-08
2013000 7.62e-08
2014000 7.19e-08
2015000 7.2e-08
2016000 7.2e-08
2017000 7.18e-08
2018000 7.2e-08
2019000 7.2e-08
2020000 7.2e-08
2021000 7.2e-08
2022000 7.19e-08
2023000 7.22e-08
2024000 7.2e-08
2025000 7.55e-08
2026000 7.2e-08
2027000 7.21e-08
2028000 7.2e-08
2029000 7.2e-08
2030000 7.2e-08
2031000 7.2e-08
2032000 7.21e-08
2033000 7.2e-08
2034000 7.2e-08
2035000 7.65e-08
2036000 7.19e-08
2037000 7.2e-08
2038000 7.35e-08
2039000 7.73e-08
2040000 7.39e-08
2041000 7.2e-08
2042000 7.17e-08
2043000 7.2e-08
2044000 7.18e-08
2045000 7.58e-08
2046000 7.2e-08
2047000 7.29e-08
2048000 9.86e-08
2049000 7.61e-08
2050000 7.18e-08
2051000 7.36e-08
2052000 7.37e-08
2053000 7.55e-08
2054000 7.38e-08
2055000 7.17e-08
2056000 7.38e-08
2057000 7.2e-08
2058000 7.2e-08
2059000 7.2e-08
2060000 7.2e-08
2061000 7.18e-08
2062000 7.45e-08
2063000 7.2e-08
2064000 7.67e-08
2065000 7.55e-08
2066000 7.19e-08
2067000 7.18e-08
2068000 7.18e-08
2069000 7.2e-08
2070000 7.2e-08
2071000 7.2e-08
2072000 7.18e-08
2073000 7.58e-08
2074000 7.19e-08
2075000 7.2e-08
2076000 7.2e-08
2077000 7.2e-08
2078000 7.17e-08
2079000 7.2e-08
2080000 7.2e-08
2081000 7.2e-08
2082000 7.59e-08
2083000 7.24e-08
2084000 7.19e-08
2085000 7.2e-08
2086000 7.19e-08
2087000 7.18e-08
2088000 8.03e-08
2089000 7.62e-08
2090000 7.28e-08
2091000 7.43e-08
2092000 7.25e-08
2093000 7.25e-08
2094000 7.29e-08
2095000 7.28e-08
2096000 7.29e-08
2097000 7.92e-08
2098000 7.64e-08
2099000 8.08e-08
2100000 7.82e-08
2101000 7.89e-08
2102000 7.83e-08
2103000 7.81e-08
2104000 8.09e-08
2105000 7.62e-08
2106000 7.64e-08
2107000 7.64e-08
2108000 7.59e-08
2109000 8e-08
2110000 7.77e-08
2111000 8.02e-08
2112000 7.57e-08
2113000 7.58e-08
2114000 7.52e-08
2115000 7.52e-08
2116000 7.52e-08
2117000 7.59e-08
2118000 7.72e-08
2119000 7.57e-08
2120000 7.52e-08
2121000 7.53e-08
2122000 8.03e-08
2123000 7.54e-08
2124000 7.52e-08
2125000 7.52e-08
2126000 8.01e-08
2127000 7.53e-08
2128000 7.64e-08
2129000 7.81e-08
2130000 7.98e-08
2131000 7.52e-08
2132000 7.52e-08
2133000 7.91e-08
2134000 7.55e-08
2135000 7.53e-08
2136000 7.97e-08
2137000 7.52e-08
2138000 7.52e-08
2139000 7.53e-08
2140000 7.53e-08
2141000 7.51e-08
2142000 7.94e-08
2143000 7.5e-08
2144000 7.51e-08
2145000 7.93e-08
2146000 7.54e-08
2147000 7.54e-08
2148000 7.94e-08
2149000 7.52e-08
2150000 7.52e-08
2151000 8.02e-08
2152000 7.52e-08
2153000 7.53e-08
2154000 7.95e-08
2155000 7.5e-08
2156000 8.18e-08
2157000 7.52e-08
2158000 7.54e-08
2159000 7.53e-08
2160000 7.52e-08
2161000 7.77e-08
2162000 7.5e-08
2163000 8e-08
2164000 7.98e-08
2165000 7.56e-08
2166000 7.53e-08
2167000 7.59e-08
2168000 7.53e-08
2169000 7.56e-08
2170000 7.68e-08
2171000 7.6e-08
2172000 7.52e-08
2173000 7.55e-08
2174000 7.77e-08
2175000 7.52e-08
2176000 7.52e-08
2177000 7.95e-08
2178000 7.92e-08
2179000 7.53e-08
2180000 7.51e-08
2181000 7.54e-08
2182000 7.56e-08
2183000 7.55e-08
2184000 8.85e-08
2185000 7.53e-08
2186000 7.99e-08
2187000 7.53e-08
2188000 7.52e-08
2189000 7.52e-08
2190000 7.52e-08
2191000 8.52e-08
2192000 7.52e-08
2193000 7.85e-08
2194000 7.86e-08
2195000 7.52e-08
2196000 7.8e-08
2197000 7.91e-08
2198000 8.71e-08
2199000 7.53e-08
2200000 7.52e-08
2201000 7.54e-08
2202000 7.71e-08
2203000 7.52e-08
2204000 7.57e-08
2205000 9.2e-08
2206000 7.96e-08
2207000 7.5e-08
2208000 7.5e-08
2209000 7.52e-08
2210000 7.9e-08
2211000 7.5e-08
2212000 7.53e-08
2213000 7.89e-08
2214000 7.93e-08
2215000 7.52e-08
2216000 7.54e-08
2217000 7.52e-08
2218000 7.53e-08
2219000 7.53e-08
2220000 7.52e-08
2221000 7.86e-08
2222000 7.6e-08
2223000 7.52e-08
2224000 7.52e-08
2225000 7.52e-08
2226000 7.53e-08
2227000 1.053e-07
2228000 7.52e-08
2229000 7.53e-08
2230000 7.96e-08
2231000 7.54e-08
2232000 7.54e-08
2233000 7.52e-08
2234000 7.97e-08
2235000 7.53e-08
2236000 7.54e-08
2237000 7.52e-08
2238000 7.68e-08
2239000 7.52e-08
2240000 7.53e-08
2241000 7.52e-08
2242000 7.96e-08
2243000 8.96e-08
2244000 7.53e-08
2245000 7.52e-08
2246000 7.53e-08
2247000 7.53e-08
2248000 8.08e-08
2249000 7.73e-08
2250000 7.52e-08
2251000 7.56e-08
2252000 7.56e-08
2253000 8e-08
2254000 7.53e-08
2255000 8.34e-08
2256000 7.52e-08
2257000 7.53e-08
2258000 7.97e-08
2259000 7.52e-08
2260000 7.58e-08
2261000 8.41e-08
2262000 7.68e-08
2263000 7.52e-08
2264000 7.98e-08
2265000 7.73e-08
2266000 7.75e-08
2267000 7.56e-08
2268000 7.51e-08
2269000 7.52e-08
2270000 7.7e-08
2271000 7.98e-08
2272000 7.53e-08
2273000 7.53e-08
2274000 7.53e-08
2275000 7.72e-08
2276000 7.56e-08
2277000 7.55e-08
2278000 7.99e-08
2279000 7.54e-08
2280000 7.52e-08
2281000 7.52e-08
2282000 7.82e-08
2283000 7.53e-08
2284000 7.53e-08
2285000 7.52e-08
2286000 7.94e-08
2287000 7.53e-08
2288000 7.53e-08
2289000 7.72e-08
2290000 7.52e-08
2291000 7.52e-08
2292000 7.55e-08
2293000 7.93e-08
2294000 7.53e-08
2295000 7.53e-08
2296000 7.73e-08
2297000 7.55e-08
2298000 7.54e-08
2299000 7.6e-08
2300000 7.52e-08
2301000 7.53e-08
2302000 7.98e-08
2303000 7.91e-08
2304000 7.5e-08
2305000 7.53e-08
2306000 7.53e-08
2307000 7.53e-08
2308000 7.53e-08
2309000 7.89e-08
2310000 7.77e-08
2311000 7.95e-08
2312000 7.95e-08
2313000 7.52e-08
2314000 7.53e-08
2315000 7.5e-08
2316000 7.53e-08
2317000 9.75e-08
2318000 7.52e-08
2319000 7.52e-08
2320000 7.96e-08
2321000 7.88e-08
2322000 7.55e-08
2323000 7.55e-08
2324000 7.96e-08
2325000 7.5e-08
2326000 7.99e-08
2327000 7.52e-08
2328000 7.5e-08
2329000 7.9e-08
2330000 7.97e-08
2331000 7.71e-08
2332000 7.93e-08
2333000 7.56e-08
2334000 7.73e-08
2335000 7.65e-08
2336000 7.53e-08
2337000 7.53e-08
2338000 7.71e-08
2339000 7.92e-08
2340000 7.96e-08
2341000 8.01e-08
2342000 7.91e-08
2343000 7.5e-08
2344000 7.52e-08
2345000 7.55e-08
2346000 7.53e-08
2347000 7.5e-08
2348000 7.91e-08
2349000 7.51e-08
2350000 7.51e-08
2351000 7.53e-08
2352000 7.53e-08
2353000 7.51e-08
2354000 7.7e-08
2355000 7.52e-08
2356000 7.52e-08
2357000 7.52e-08
2358000 7.52e-08
2359000 7.51e-08
2360000 7.58e-08
2361000 7.59e-08
2362000 7.55e-08
2363000 7.52e-08
2364000 7.57e-08
2365000 7.92e-08
2366000 8.95e-08
2367000 8.17e-08
2368000 7.98e-08
2369000 7.91e-08
2370000 7.99e-08
2371000 7.53e-08
2372000 7.86e-08
2373000 7.5e-08
2374000 7.78e-08
2375000 7.52e-08
2376000 7.97e-08
2377000 7.75e-08
2378000 7.52e-08
2379000 7.55e-08
2380000 7.53e-08
2381000 7.58e-08
2382000 7.99e-08
2383000 7.95e-08
2384000 7.52e-08
2385000 7.53e-08
2386000 7.52e-08
2387000 7.68e-08
2388000 7.96e-08
2389000 7.97e-08
2390000 7.95e-08
2391000 7.54e-08
2392000 7.53e-08
2393000 7.53e-08
2394000 7.55e-08
2395000 7.53e-08
2396000 7.73e-08
2397000 7.81e-08
2398000 7.52e-08
2399000 7.54e-08
2400000 7.52e-08
2401000 7.53e-08
2402000 7.53e-08
2403000 7.52e-08
2404000 7.52e-08
2405000 7.53e-08
2406000 7.57e-08
2407000 7.52e-08
2408000 7.53e-08
2409000 7.55e-08
2410000 7.57e-08
2411000 7.52e-08
2412000 7.56e-08
2413000 7.52e-08
2414000 7.52e-08
2415000 7.7e-08
2416000 7.92e-08
2417000 8.03e-08
2418000 7.55e-08
2419000 7.54e-08
2420000 7.53e-08
2421000 7.52e-08
2422000 7.53e-08
2423000 7.53e-08
2424000 7.52e-08
2425000 7.55e-08
2426000 7.53e-08
2427000 7.5e-08
2428000 7.55e-08
2429000 7.86e-08
2430000 7.52e-08
2431000 7.53e-08
2432000 7.87e-08
2433000 7.52e-08
2434000 7.53e-08
2435000 7.53e-08
2436000 8.25e-08
2437000 7.55e-08
2438000 7.55e-08
2439000 7.55e-08
2440000 7.52e-08
2441000 7.53e-08
2442000 7.52e-08
2443000 7.52e-08
2444000 7.91e-08
2445000 7.52e-08
2446000 7.52e-08
2447000 7.7e-08
2448000 7.52e-08
2449000 7.53e-08
2450000 7.53e-08
2451000 7.52e-08
2452000 7.52e-08
2453000 7.52e-08
2454000 7.53e-08
2455000 7.53e-08
2456000 7.53e-08
2457000 1.043e-07
2458000 7.53e-08
2459000 7.52e-08
2460000 7.53e-08
2461000 7.53e-08
2462000 7.55e-08
2463000 7.52e-08
2464000 7.55e-08
2465000 7.52e-08
2466000 7.51e-08
2467000 7.55e-08
2468000 7.8e-08
2469000 7.94e-08
2470000 7.94e-08
2471000 7.91e-08
2472000 8e-08
2473000 8.02e-08
2474000 7.56e-08
2475000 7.53e-08
2476000 7.52e-08
2477000 7.52e-08
2478000 7.53e-08
2479000 7.52e-08
2480000 7.52e-08
2481000 7.66e-08
2482000 7.7e-08
2483000 7.52e-08
2484000 7.52e-08
2485000 7.66e-08
2486000 7.56e-08
2487000 7.55e-08
2488000 7.92e-08
2489000 7.93e-08
2490000 7.92e-08
2491000 7.52e-08
2492000 9.54e-08
2493000 7.52e-08
2494000 7.68e-08
2495000 7.96e-08
2496000 7.7e-08
2497000 7.71e-08
2498000 7.91e-08
2499000 7.54e-08
2500000 7.7e-08
2501000 7.54e-08
2502000 7.71e-08
2503000 7.71e-08
2504000 8.15e-08
2505000 7.53e-08
2506000 7.5e-08
2507000 7.53e-08
2508000 7.51e-08
2509000 7.92e-08
2510000 7.53e-08
2511000 7.52e-08
2512000 7.71e-08
2513000 7.52e-08
2514000 7.52e-08
2515000 7.53e-08
2516000 7.52e-08
2517000 7.53e-08
2518000 7.57e-08
2519000 7.95e-08
2520000 7.7e-08
2521000 7.53e-08
2522000 7.54e-08
2523000 7.53e-08
2524000 7.69e-08
2525000 7.52e-08
2526000 7.53e-08
2527000 7.56e-08
2528000 8.31e-08
2529000 7.97e-08
2530000 7.54e-08
2531000 7.53e-08
2532000 7.53e-08
2533000 7.5e-08
2534000 7.52e-08
2535000 7.52e-08
2536000 7.53e-08
2537000 7.93e-08
2538000 7.95e-08
2539000 7.55e-08
2540000 7.5e-08
2541000 7.52e-08
2542000 7.52e-08
2543000 7.53e-08
2544000 7.52e-08
2545000 7.95e-08
2546000 7.98e-08
2547000 7.53e-08
2548000 7.53e-08
2549000 7.52e-08
2550000 7.54e-08
2551000 7.6e-08
2552000 7.5e-08
2553000 7.96e-08
2554000 7.52e-08
2555000 7.53e-08
2556000 7.52e-08
2557000 7.52e-08
2558000 7.52e-08
2559000 7.53e-08
2560000 7.89e-08
2561000 7.99e-08
2562000 7.69e-08
2563000 7.69e-08
2564000 7.78e-08
2565000 7.5e-08
2566000 7.67e-08
2567000 7.98e-08
2568000 7.5e-08
2569000 7.53e-08
2570000 7.52e-08
2571000 8.04e-08
2572000 7.52e-08
2573000 7.52e-08
2574000 7.53e-08
2575000 7.5e-08
2576000 7.95e-08
2577000 7.53e-08
2578000 7.55e-08
2579000 7.55e-08
2580000 7.52e-08
2581000 7.53e-08
2582000 7.96e-08
2583000 7.53e-08
2584000 7.52e-08
2585000 7.95e-08
2586000 7.52e-08
2587000 7.52e-08
2588000 7.72e-08
2589000 7.54e-08
2590000 7.99e-08
2591000 7.86e-08
2592000 7.53e-08
2593000 7.52e-08
2594000 7.95e-08
2595000 7.53e-08
2596000 7.53e-08
2597000 7.53e-08
2598000 7.97e-08
2599000 7.53e-08
2600000 7.52e-08
2601000 7.52e-08
2602000 7.53e-08
2603000 8.06e-08
2604000 7.53e-08
2605000 7.5e-08
2606000 7.53e-08
2607000 7.91e-08
2608000 7.71e-08
2609000 7.53e-08
2610000 7.53e-08
2611000 7.98e-08
2612000 7.53e-08
2613000 7.52e-08
2614000 7.52e-08
2615000 7.71e-08
2616000 7.53e-08
2617000 7.52e-08
2618000 7.55e-08
2619000 8.02e-08
2620000 7.58e-08
2621000 7.58e-08
2622000 7.62e-08
2623000 8.69e-08
2624000 7.59e-08
2625000 7.59e-08
2626000 7.51e-08
2627000 7.52e-08
2628000 8.08e-08
2629000 7.53e-08
2630000 7.96e-08
2631000 7.52e-08
2632000 7.52e-08
2633000 7.5e-08
2634000 7.95e-08
2635000 7.52e-08
2636000 7.52e-08
2637000 7.97e-08
2638000 7.53e-08
2639000 7.53e-08
2640000 7.53e-08
2641000 9e-08
2642000 7.54e-08
2643000 7.97e-08
2644000 7.53e-08
2645000 7.52e-08
2646000 7.51e-08
2647000 7.52e-08
2648000 7.53e-08
2649000 7.53e-08
2650000 7.58e-08
2651000 7.53e-08
2652000 7.53e-08
2653000 7.51e-08
2654000 7.85e-08
2655000 7.96e-08
2656000 7.57e-08
2657000 7.53e-08
2658000 7.53e-08
2659000 7.9e-08
2660000 8.44e-08
2661000 7.54e-08
2662000 7.54e-08
2663000 7.53e-08
2664000 7.97e-08
2665000 7.54e-08
2666000 7.55e-08
2667000 8.2e-08
2668000 7.5e-08
2669000 7.52e-08
2670000 7.5e-08
2671000 7.52e-08
2672000 7.53e-08
2673000 7.56e-08
2674000 7.53e-08
2675000 7.71e-08
2676000 7.71e-08
2677000 7.54e-08
2678000 7.92e-08
2679000 8.2e-08
2680000 7.93e-08
2681000 7.53e-08
2682000 7.5e-08
2683000 7.52e-08
2684000 7.53e-08
2685000 7.53e-08
2686000 7.53e-08
2687000 7.52e-08
2688000 7.52e-08
2689000 7.93e-08
2690000 7.53e-08
2691000 9.33e-08
2692000 7.52e-08
2693000 7.52e-08
2694000 7.95e-08
2695000 7.52e-08
2696000 8.83e-08
2697000 7.56e-08
2698000 7.57e-08
2699000 8.01e-08
2700000 7.74e-08
2701000 7.52e-08
2702000 8.33e-08
2703000 7.5e-08
2704000 7.53e-08
2705000 7.55e-08
2706000 7.52e-08
2707000 7.5e-08
2708000 8.51e-08
2709000 1.052e-07
2710000 7.68e-08
2711000 7.94e-08
2712000 7.54e-08
2713000 7.71e-08
2714000 7.76e-08
2715000 7.52e-08
2716000 7.97e-08
2717000 7.76e-08
2718000 7.52e-08
2719000 7.99e-08
2720000 7.53e-08
2721000 7.9e-08
2722000 7.95e-08
2723000 7.52e-08
2724000 7.52e-08
2725000 7.52e-08
2726000 7.55e-08
2727000 7.52e-08
2728000 8.21e-08
2729000 7.52e-08
2730000 7.53e-08
2731000 7.52e-08
2732000 7.52e-08
2733000 7.53e-08
2734000 7.69e-08
2735000 7.88e-08
2736000 7.53e-08
2737000 7.53e-08
2738000 7.52e-08
2739000 7.53e-08
2740000 7.52e-08
2741000 7.52e-08
2742000 7.53e-08
2743000 7.94e-08
2744000 7.53e-08
2745000 7.52e-08
2746000 7.52e-08
2747000 7.53e-08
2748000 7.64e-08
2749000 7.54e-08
2750000 7.87e-08
2751000 7.52e-08
2752000 7.53e-08
2753000 7.52e-08
2754000 7.55e-08
2755000 7.55e-08
2756000 7.92e-08
2757000 7.55e-08
2758000 7.53e-08
2759000 7.52e-08
2760000 7.52e-08
2761000 7.9e-08
2762000 7.53e-08
2763000 7.53e-08
2764000 7.53e-08
2765000 7.52e-08
2766000 7.92e-08
2767000 7.64e-08
2768000 7.51e-08
2769000 7.52e-08
2770000 7.52e-08
2771000 7.92e-08
2772000 7.67e-08
2773000 7.54e-08
2774000 8.64e-08
2775000 7.55e-08
2776000 7.93e-08
2777000 7.55e-08
2778000 7.96e-08
2779000 7.52e-08
2780000 8.56e-08
2781000 7.52e-08
2782000 7.53e-08
2783000 7.6e-08
2784000 8.27e-08
2785000 7.99e-08
2786000 7.71e-08
2787000 7.53e-08
2788000 7.52e-08
2789000 7.52e-08
2790000 7.52e-08
2791000 7.91e-08
2792000 7.71e-08
2793000 7.98e-08
2794000 7.52e-08
2795000 7.96e-08
2796000 8.02e-08
2797000 7.6e-08
2798000 7.74e-08
2799000 7.96e-08
2800000 7.53e-08
2801000 7.53e-08
2802000 7.52e-08
2803000 7.53e-08
2804000 7.77e-08
2805000 8.51e-08
2806000 7.91e-08
2807000 7.51e-08
2808000 7.97e-08
2809000 7.56e-08
2810000 7.77e-08
2811000 7.7e-08
2812000 8.34e-08
2813000 7.94e-08
2814000 8.12e-08
2815000 7.53e-08
2816000 7.92e-08
2817000 7.52e-08
2818000 7.52e-08
2819000 7.59e-08
2820000 7.52e-08
2821000 7.95e-08
2822000 7.73e-08
2823000 7.56e-08
2824000 7.52e-08
2825000 7.53e-08
2826000 7.53e-08
2827000 9.89e-08
2828000 7.68e-08
2829000 7.55e-08
2830000 7.52e-08
2831000 7.95e-08
2832000 7.95e-08
2833000 7.95e-08
2834000 7.69e-08
2835000 7.5e-08
2836000 7.53e-08
2837000 7.49e-08
2838000 7.98e-08
2839000 7.52e-08
2840000 7.93e-08
2841000 7.76e-08
2842000 7.52e-08
2843000 7.92e-08
2844000 7.54e-08
2845000 7.5e-08
2846000 8.54e-08
2847000 8.23e-08
2848000 7.52e-08
2849000 7.95e-08
2850000 7.94e-08
2851000 8e-08
2852000 8.17e-08
2853000 8.55e-08
2854000 7.96e-08
2855000 7.53e-08
2856000 7.53e-08
2857000 7.5e-08
2858000 7.83e-08
2859000 7.52e-08
2860000 7.97e-08
2861000 7.52e-08
2862000 7.6e-08
2863000 7.64e-08
2864000 7.72e-08
2865000 7.53e-08
2866000 7.52e-08
2867000 7.94e-08
2868000 7.94e-08
2869000 7.52e-08
2870000 7.67e-08
2871000 8.32e-08
2872000 7.52e-08
2873000 8.22e-08
2874000 7.55e-08
2875000 7.99e-08
2876000 7.51e-08
2877000 7.53e-08
2878000 7.96e-08
2879000 7.52e-08
2880000 7.55e-08
2881000 7.98e-08
2882000 7.52e-08
2883000 8.29e-08
2884000 7.87e-08
2885000 8.01e-08
2886000 7.94e-08
2887000 7.95e-08
2888000 8.68e-08
2889000 7.72e-08
2890000 7.94e-08
2891000 7.94e-08
2892000 7.53e-08
2893000 7.5e-08
2894000 7.99e-08
2895000 7.53e-08
2896000 7.93e-08
2897000 7.95e-08
2898000 8.02e-08
2899000 7.56e-08
2900000 7.57e-08
2901000 7.96e-08
2902000 7.57e-08
2903000 7.97e-08
2904000 7.95e-08
2905000 7.94e-08
2906000 7.95e-08
2907000 7.52e-08
2908000 7.95e-08
2909000 7.52e-08
2910000 7.52e-08
2911000 7.52e-08
2912000 7.55e-08
2913000 7.77e-08
2914000 7.8e-08
2915000 7.53e-08
2916000 7.62e-08
2917000 7.95e-08
2918000 7.52e-08
2919000 7.95e-08
2920000 7.53e-08
2921000 7.96e-08
2922000 8.3e-08
2923000 7.53e-08
2924000 7.52e-08
2925000 7.53e-08
2926000 7.53e-08
2927000 7.75e-08
2928000 7.79e-08
2929000 8e-08
2930000 7.53e-08
2931000 7.69e-08
2932000 7.71e-08
2933000 7.55e-08
2934000 7.9e-08
2935000 7.71e-08
2936000 7.99e-08
2937000 7.83e-08
2938000 7.99e-08
2939000 7.92e-08
2940000 7.9e-08
2941000 8.13e-08
2942000 8.11e-08
2943000 8.38e-08
2944000 8.14e-08
2945000 7.9e-08
2946000 8.12e-08
2947000 8.1e-08
2948000 8.28e-08
2949000 8.11e-08
2950000 8.1e-08
2951000 8.09e-08
2952000 8.13e-08
2953000 8.32e-08
2954000 8.67e-08
2955000 8.31e-08
2956000 8.1e-08
2957000 7.55e-08
2958000 7.71e-08
2959000 7.99e-08
2960000 7.52e-08
2961000 7.55e-08
2962000 7.53e-08
2963000 7.54e-08
2964000 7.99e-08
2965000 7.94e-08
2966000 7.53e-08
2967000 7.53e-08
2968000 7.52e-08
2969000 7.51e-08
2970000 7.52e-08
2971000 7.53e-08
2972000 7.7e-08
2973000 7.73e-08
2974000 7.93e-08
2975000 7.53e-08
2976000 7.52e-08
2977000 7.89e-08
2978000 7.52e-08
2979000 7.71e-08
2980000 7.52e-08
2981000 7.93e-08
2982000 7.52e-08
2983000 7.96e-08
2984000 8.04e-08
2985000 7.53e-08
2986000 8e-08
2987000 7.53e-08
2988000 7.5e-08
2989000 7.91e-08
2990000 7.96e-08
2991000 7.97e-08
2992000 7.51e-08
2993000 7.7e-08
2994000 7.95e-08
2995000 7.95e-08
2996000 7.5e-08
2997000 7.92e-08
2998000 7.53e-08
2999000 7.53e-08
3000000 7.98e-08
3001000 7.52e-08
3002000 7.73e-08
3003000 8.06e-08
3004000 7.94e-08
3005000 7.52e-08
3006000 7.92e-08
3007000 7.53e-08
3008000 7.5e-08
3009000 7.95e-08
3010000 7.53e-08
3011000 7.53e-08
3012000 7.96e-08
3013000 7.67e-08
3014000 7.55e-08
3015000 7.9e-08
3016000 7.53e-08
3017000 7.53e-08
3018000 7.87e-08
3019000 7.95e-08
3020000 7.52e-08
3021000 7.55e-08
3022000 7.94e-08
3023000 7.51e-08
3024000 7.53e-08
3025000 7.95e-08
3026000 7.77e-08
3027000 7.52e-08
3028000 7.54e-08
3029000 7.85e-08
3030000 7.53e-08
3031000 7.53e-08
3032000 7.55e-08
3033000 7.52e-08
3034000 7.56e-08
3035000 7.53e-08
3036000 7.93e-08
3037000 7.51e-08
3038000 7.53e-08
3039000 7.92e-08
3040000 7.53e-08
3041000 7.52e-08
3042000 7.9e-08
3043000 7.53e-08
3044000 7.53e-08
3045000 7.87e-08
3046000 7.99e-08
3047000 7.53e-08
3048000 7.5e-08
3049000 7.53e-08
3050000 7.5e-08
3051000 7.51e-08
3052000 7.52e-08
3053000 7.93e-08
3054000 7.53e-08
3055000 7.53e-08
3056000 7.55e-08
3057000 7.55e-08
3058000 7.53e-08
3059000 7.71e-08
3060000 7.9e-08
3061000 8.2e-08
3062000 8.38e-08
3063000 8.54e-08
3064000 8.54e-08
3065000 8.54e-08
3066000 8.31e-08
3067000 8.33e-08
3068000 9.37e-08
3069000 8.54e-08
3070000 8.31e-08
3071000 8.32e-08
3072000 8.34e-08
3073000 8.54e-08
3074000 8.52e-08
3075000 8.39e-08
3076000 8.41e-08
3077000 8.4e-08
3078000 8.15e-08
3079000 8.54e-08
3080000 8.32e-08
3081000 8.29e-08
3082000 8.32e-08
3083000 8.32e-08
3084000 8.6e-08
3085000 8.54e-08
3086000 8.55e-08
3087000 8.34e-08
3088000 8.31e-08
3089000 1.676e-07
3090000 1.579e-07
3091000 1.504e-07
3092000 1.437e-07
3093000 1.37e-07
3094000 1.316e-07
3095000 1.268e-07
3096000 1.264e-07
3097000 1.216e-07
3098000 1.279e-07
3099000 1.18e-07
3100000 1.129e-07
3101000 1.135e-07
3102000 1.09e-07
3103000 1.053e-07
3104000 1.05e-07
3105000 1.057e-07
3106000 1.037e-07
3107000 1.019e-07
3108000 9.87e-08
3109000 9.87e-08
3110000 9.85e-08
3111000 9.62e-08
3112000 9.57e-08
3113000 9.32e-08
3114000 9.29e-08
3115000 9.3e-08
3116000 9.45e-08
3117000 9.03e-08
3118000 9.02e-08
3119000 9.14e-08
3120000 9.03e-08
3121000 9.05e-08
3122000 8.78e-08
3123000 8.75e-08
3124000 8.78e-08
3125000 8.79e-08
3126000 8.81e-08
3127000 8.78e-08
3128000 8.55e-08
3129000 8.56e-08
3130000 8.54e-08
3131000 8.52e-08
3132000 8.54e-08
3133000 8.54e-08
3134000 8.55e-08
3135000 8.54e-08
3136000 8.51e-08
3137000 8.35e-08
3138000 8.36e-08
3139000 8.31e-08
3140000 8.31e-08
3141000 8.34e-08
3142000 8.37e-08
3143000 8.38e-08
3144000 8.47e-08
3145000 8.41e-08
3146000 8.39e-08
3147000 8.41e-08
3148000 8.41e-08
3149000 8.45e-08
3150000 8.45e-08
3151000 8.36e-08
3152000 8.37e-08
3153000 8.18e-08
3154000 8.11e-08
3155000 8.11e-08
3156000 8.07e-08
3157000 8.08e-08
3158000 8.07e-08
3159000 8.11e-08
3160000 8.08e-08
3161000 8.1e-08
3162000 8.13e-08
3163000 8.15e-08
3164000 8.84e-08
3165000 8.08e-08
3166000 8.32e-08
3167000 8.29e-08
3168000 8.32e-08
3169000 8.37e-08
3170000 8.48e-08
3171000 8.32e-08
3172000 8.32e-08
3173000 8.32e-08
3174000 8.41e-08
3175000 8.32e-08
3176000 8.32e-08
3177000 8.34e-08
3178000 8.32e-08
3179000 8.99e-08
3180000 8.32e-08
3181000 8.38e-08
3182000 8.34e-08
3183000 8.39e-08
3184000 8.33e-08
3185000 8.32e-08
3186000 8.33e-08
3187000 8.32e-08
3188000 8.38e-08
3189000 8.3e-08
3190000 8.32e-08
3191000 8.29e-08
3192000 8.36e-08
3193000 8.32e-08
3194000 8.29e-08
3195000 8.66e-08
3196000 8.37e-08
3197000 8.32e-08
3198000 8.31e-08
3199000 8.32e-08
3200000 8.36e-08
3201000 8.28e-08
3202000 8.31e-08
3203000 8.62e-08
3204000 8.29e-08
3205000 8.31e-08
3206000 8.32e-08
3207000 8.34e-08
3208000 8.38e-08
3209000 8.65e-08
3210000 8.29e-08
3211000 8.39e-08
3212000 8.38e-08
3213000 8.29e-08
3214000 8.1e-08
3215000 8.09e-08
3216000 8.13e-08
3217000 8.15e-08
3218000 8.14e-08
3219000 8.12e-08
3220000 8.11e-08
3221000 8.13e-08
3222000 8.32e-08
3223000 8.41e-08
3224000 8.32e-08
3225000 8.29e-08
3226000 8.32e-08
3227000 8.38e-08
3228000 8.32e-08
3229000 8.32e-08
3230000 8.29e-08
3231000 8.32e-08
3232000 8.1e-08
3233000 8.12e-08
3234000 8.11e-08
3235000 8.11e-08
3236000 8.18e-08
3237000 8.15e-08
3238000 8.1e-08
3239000 8.08e-08
3240000 8.15e-08
3241000 8.16e-08
3242000 8.19e-08
3243000 8.32e-08
3244000 8.29e-08
3245000 8.37e-08
3246000 8.33e-08
3247000 9.29e-08
3248000 8.36e-08
3249000 8.32e-08
3250000 8.32e-08
3251000 8.41e-08
3252000 8.4e-08
3253000 8.14e-08
3254000 8.13e-08
3255000 8.11e-08
3256000 8.11e-08
3257000 8.08e-08
3258000 8.08e-08
3259000 8.08e-08
3260000 8.11e-08
3261000 8.1e-08
3262000 8.07e-08
3263000 8.13e-08
3264000 8.08e-08
3265000 8.15e-08
3266000 8.17e-08
3267000 8.16e-08
3268000 8.11e-08
3269000 8.32e-08
3270000 8.36e-08
3271000 8.33e-08
3272000 8.32e-08
3273000 8.4e-08
3274000 8.32e-08
3275000 8.29e-08
3276000 8.34e-08
3277000 8.38e-08
3278000 8.38e-08
3279000 8.32e-08
3280000 8.29e-08
3281000 8.29e-08
3282000 8.38e-08
3283000 9.08e-08
3284000 8.38e-08
3285000 8.36e-08
3286000 8.31e-08
3287000 8.32e-08
3288000 8.46e-08
3289000 8.29e-08
3290000 8.29e-08
3291000 8.32e-08
3292000 8.31e-08
3293000 8.3e-08
3294000 8.34e-08
3295000 8.29e-08
3296000 8.29e-08
3297000 8.34e-08
3298000 8.3e-08
3299000 8.32e-08
3300000 8.31e-08
3301000 8.32e-08
3302000 8.32e-08
3303000 8.36e-08
3304000 8.28e-08
3305000 8.3e-08
3306000 8.35e-08
3307000 8.3e-08
3308000 8.43e-08
3309000 8.29e-08
3310000 8.28e-08
3311000 8.43e-08
3312000 8.3e-08
3313000 8.31e-08
3314000 9.79e-08
3315000 8.29e-08
3316000 8.31e-08
3317000 8.29e-08
3318000 8.32e-08
3319000 8.32e-08
3320000 8.31e-08
3321000 8.39e-08
3322000 8.29e-08
3323000 8.32e-08
3324000 8.32e-08
3325000 8.32e-08
3326000 8.35e-08
3327000 8.29e-08
3328000 8.39e-08
3329000 8.39e-08
3330000 8.31e-08
3331000 8.29e-08
3332000 8.32e-08
3333000 8.37e-08
3334000 8.37e-08
3335000 8.32e-08
3336000 8.35e-08
3337000 8.31e-08
3338000 8.32e-08
3339000 8.45e-08
3340000 8.32e-08
3341000 8.37e-08
3342000 8.32e-08
3343000 8.32e-08
3344000 8.32e-08
3345000 8.29e-08
3346000 8.39e-08
3347000 8.32e-08
3348000 8.32e-08
3349000 8.3e-08
3350000 8.31e-08
3351000 8.29e-08
3352000 8.1e-08
3353000 8.2e-08
3354000 8.18e-08
3355000 8.1e-08
3356000 8.08e-08
3357000 8.17e-08
3358000 8.11e-08
3359000 8.1e-08
3360000 8.17e-08
3361000 8.11e-08
3362000 8.1e-08
3363000 8.23e-08
3364000 8.11e-08
3365000 8.1e-08
3366000 8.1e-08
3367000 8.11e-08
3368000 8.13e-08
3369000 8.08e-08
3370000 8.1e-08
3371000 8.11e-08
3372000 8.08e-08
3373000 8.17e-08
3374000 8.11e-08
3375000 8.08e-08
3376000 8.21e-08
3377000 8.08e-08
3378000 8.12e-08
3379000 8.13e-08
3380000 8.13e-08
3381000 8.1e-08
3382000 8.14e-08
3383000 8.14e-08
3384000 8.11e-08
3385000 8.2e-08
3386000 8.11e-08
3387000 8.11e-08
3388000 8.16e-08
3389000 8.11e-08
3390000 8.11e-08
3391000 8.2e-08
3392000 8.1e-08
3393000 8.11e-08
3394000 8.33e-08
3395000 8.34e-08
3396000 8.29e-08
3397000 8.31e-08
3398000 8.42e-08
3399000 8.4e-08
3400000 8.38e-08
3401000 8.29e-08
3402000 8.44e-08
3403000 8.3e-08
3404000 8.32e-08
3405000 8.32e-08
3406000 8.35e-08
3407000 8.29e-08
3408000 8.39e-08
3409000 8.39e-08
3410000 8.34e-08
3411000 8.29e-08
3412000 8.13e-08
3413000 8.15e-08
3414000 8.1e-08
3415000 8.1e-08
3416000 8.14e-08
3417000 8.11e-08
3418000 8.21e-08
3419000 8.4e-08
3420000 8.39e-08
3421000 8.3e-08
3422000 8.29e-08
3423000 8.32e-08
3424000 8.35e-08
3425000 8.34e-08
3426000 8.13e-08
3427000 8.11e-08
3428000 8.16e-08
3429000 8.11e-08
3430000 8.1e-08
3431000 8.11e-08
3432000 8.1e-08
3433000 8.18e-08
3434000 8.1e-08
3435000 8.11e-08
3436000 8.1e-08
3437000 8.14e-08
3438000 8.2e-08
3439000 8.12e-08
3440000 8.1e-08
3441000 8.1e-08
3442000 8.1e-08
3443000 8.18e-08
3444000 8.1e-08
3445000 8.07e-08
3446000 8.1e-08
3447000 8.14e-08
3448000 8.18e-08
3449000 8.1e-08
3450000 8.11e-08
3451000 8.13e-08
3452000 8.13e-08
3453000 8.11e-08
3454000 8.11e-08
3455000 8.15e-08
3456000 8.1e-08
3457000 8.11e-08
3458000 8.1e-08
3459000 8.11e-08
3460000 8.13e-08
3461000 8.1e-08
3462000 8.15e-08
3463000 8.1e-08
3464000 8.15e-08
3465000 8.11e-08
3466000 8.1e-08
3467000 8.32e-08
3468000 8.39e-08
3469000 8.35e-08
3470000 8.32e-08
3471000 8.29e-08
3472000 8.1e-08
3473000 8.1e-08
3474000 8.11e-08
3475000 8.11e-08
3476000 8.16e-08
3477000 8.1e-08
3478000 8.14e-08
3479000 8.1e-08
3480000 8.18e-08
3481000 8.13e-08
3482000 8.11e-08
3483000 8.1e-08
3484000 8.11e-08
3485000 8.1e-08
3486000 8.11e-08
3487000 8.16e-08
3488000 8.3e-08
3489000 8.37e-08
3490000 8.31e-08
3491000 8.34e-08
3492000 8.3e-08
3493000 8.36e-08
3494000 8.42e-08
3495000 8.32e-08
3496000 9.04e-08
3497000 8.31e-08
3498000 8.3e-08
3499000 8.31e-08
3500000 8.32e-08
3501000 8.32e-08
3502000 8.11e-08
3503000 8.11e-08
3504000 8.11e-08
3505000 8.1e-08
3506000 8.1e-08
3507000 8.1e-08
3508000 8.11e-08
3509000 8.1e-08
3510000 8.1e-08
3511000 8.32e-08
3512000 8.38e-08
3513000 8.34e-08
3514000 8.31e-08
3515000 8.38e-08
3516000 8.32e-08
3517000 8.29e-08
3518000 8.32e-08
3519000 8.31e-08
3520000 8.28e-08
3521000 8.08e-08
3522000 8.11e-08
3523000 8.12e-08
3524000 8.24e-08
3525000 8.08e-08
3526000 8.1e-08
3527000 8.1e-08
3528000 8.1e-08
3529000 8.12e-08
3530000 8.1e-08
3531000 8.14e-08
3532000 8.11e-08
3533000 8.32e-08
3534000 8.36e-08
3535000 8.38e-08
3536000 8.29e-08
3537000 8.32e-08
3538000 8.38e-08
3539000 8.34e-08
3540000 8.31e-08
3541000 8.14e-08
3542000 8.1e-08
3543000 8.15e-08
3544000 8.08e-08
3545000 8.69e-08
3546000 8.08e-08
3547000 8.13e-08
3548000 8.11e-08
3549000 8.11e-08
3550000 8.1e-08
3551000 8.11e-08
3552000 8.17e-08
3553000 8.08e-08
3554000 8.13e-08
3555000 8.07e-08
3556000 8.08e-08
3557000 8.08e-08
3558000 8.1e-08
3559000 8.1e-08
3560000 8.08e-08
3561000 8.1e-08
3562000 8.1e-08
3563000 8.14e-08
3564000 8.08e-08
3565000 8.09e-08
3566000 8.08e-08
3567000 8.08e-08
3568000 8.25e-08
3569000 8.1e-08
3570000 8.1e-08
3571000 8.11e-08
3572000 8.08e-08
3573000 8.09e-08
3574000 8.09e-08
3575000 8.14e-08
3576000 8.08e-08
3577000 8.11e-08
3578000 8.08e-08
3579000 8.08e-08
3580000 8.8e-08
3581000 8.08e-08
3582000 8.17e-08
3583000 9.52e-08
3584000 8.11e-08
3585000 8.11e-08
3586000 8.08e-08
3587000 8.12e-08
3588000 8.25e-08
3589000 8.16e-08
3590000 8.19e-08
3591000 8.11e-08
3592000 8.1e-08
3593000 8.11e-08
3594000 8.1e-08
3595000 8.1e-08
3596000 8.08e-08
3597000 8.2e-08
3598000 8.1e-08
3599000 8.1e-08
3600000 8.09e-08
3601000 8.13e-08
3602000 8.09e-08
3603000 8.2e-08
3604000 8.15e-08
3605000 8.11e-08
3606000 8.15e-08
3607000 8.08e-08
3608000 8.45e-08
3609000 8.1e-08
3610000 8.13e-08
3611000 8.1e-08
3612000 8.91e-08
3613000 1.011e-07
3614000 8.1e-08
3615000 8.07e-08
3616000 8.1e-08
3617000 8.1e-08
3618000 8.12e-08
3619000 8.17e-08
3620000 8.08e-08
3621000 8.12e-08
3622000 8.11e-08
3623000 8.08e-08
3624000 8.11e-08
3625000 8.12e-08
3626000 8.1e-08
3627000 8.11e-08
3628000 8.08e-08
3629000 8.15e-08
3630000 8.29e-08
3631000 8.1e-08
3632000 8.16e-08
3633000 8.19e-08
3634000 8.1e-08
3635000 8.08e-08
3636000 8.15e-08
3637000 8.1e-08
3638000 8.11e-08
3639000 8.1e-08
3640000 8.09e-08
3641000 8.1e-08
3642000 8.08e-08
3643000 9e-08
3644000 8.1e-08
3645000 8.11e-08
3646000 8.11e-08
3647000 8.24e-08
3648000 8.1e-08
3649000 8.11e-08
3650000 8.1e-08
3651000 8.08e-08
3652000 8.1e-08
3653000 8.11e-08
3654000 8.1e-08
3655000 8.17e-08
3656000 8.13e-08
3657000 8.11e-08
3658000 8.11e-08
3659000 8.12e-08
3660000 8.1e-08
3661000 8.14e-08
3662000 8.16e-08
3663000 8.25e-08
3664000 8.11e-08
3665000 8.16e-08
3666000 8.11e-08
3667000 8.1e-08
3668000 8.16e-08
3669000 8.16e-08
3670000 8.15e-08
3671000 8.2e-08
3672000 8.2e-08
3673000 8.21e-08
3674000 8.22e-08
3675000 8.1e-08
3676000 8.08e-08
3677000 8.08e-08
3678000 8.14e-08
3679000 8.4e-08
3680000 8.24e-08
3681000 8.08e-08
3682000 8.11e-08
3683000 8.11e-08
3684000 8.09e-08
3685000 8.12e-08
3686000 8.1e-08
3687000 8.1e-08
3688000 8.17e-08
3689000 8.16e-08
3690000 8.1e-08
3691000 8.12e-08
3692000 7.9e-08
3693000 7.9e-08
3694000 7.98e-08
3695000 7.93e-08
3696000 7.94e-08
3697000 7.9e-08
3698000 7.96e-08
3699000 7.9e-08
3700000 7.9e-08
3701000 8.05e-08
3702000 8.24e-08
3703000 8.11e-08
3704000 8.29e-08
3705000 8.21e-08
3706000 8.11e-08
3707000 8.11e-08
3708000 8.27e-08
3709000 8.1e-08
3710000 8.08e-08
3711000 8.1e-08
3712000 8.11e-08
3713000 8.3e-08
3714000 8.13e-08
3715000 8.1e-08
3716000 8.1e-08
3717000 8.15e-08
3718000 9.42e-08
3719000 8.1e-08
3720000 8.11e-08
3721000 8.11e-08
3722000 8.11e-08
3723000 9.54e-08
3724000 8.16e-08
3725000 8.08e-08
3726000 8.11e-08
3727000 8.08e-08
3728000 8.21e-08
3729000 8.13e-08
3730000 8.13e-08
3731000 8.08e-08
3732000 8.08e-08
3733000 8.1e-08
3734000 8.11e-08
3735000 8.1e-08
3736000 8.07e-08
3737000 8.11e-08
3738000 8.1e-08
3739000 8.08e-08
3740000 8.21e-08
3741000 8.11e-08
3742000 8.11e-08
3743000 8.11e-08
3744000 8.1e-08
3745000 8.08e-08
3746000 8.2e-08
3747000 8.1e-08
3748000 8.1e-08
3749000 8.11e-08
3750000 8.12e-08
3751000 8.07e-08
3752000 8.1e-08
3753000 1.007e-07
3754000 8.13e-08
3755000 8.08e-08
3756000 8.1e-08
3757000 8.13e-08
3758000 1.009e-07
3759000 8.1e-08
3760000 8.19e-08
3761000 8.09e-08
3762000 8.08e-08
3763000 1.005e-07
3764000 8.25e-08
3765000 8.08e-08
3766000 8.08e-08
3767000 8.14e-08
3768000 8.2e-08
3769000 8.18e-08
3770000 8.08e-08
3771000 8.42e-08
3772000 8.1e-08
3773000 8.26e-08
3774000 8.19e-08
3775000 8.1e-08
3776000 8.13e-08
3777000 8.1e-08
3778000 8.16e-08
3779000 8.11e-08
3780000 8.1e-08
3781000 8.11e-08
3782000 8.1e-08
3783000 8.1e-08
3784000 8.2e-08
3785000 8.11e-08
3786000 8.1e-08
3787000 8.14e-08
3788000 8.12e-08
3789000 8.11e-08
3790000 8.15e-08
3791000 8.11e-08
3792000 8.1e-08
3793000 8.12e-08
3794000 8.11e-08
3795000 8.1e-08
3796000 8.21e-08
3797000 8.14e-08
3798000 8.11e-08
3799000 8.13e-08
3800000 8.11e-08
3801000 8.11e-08
3802000 8.18e-08
3803000 8.1e-08
3804000 8.11e-08
3805000 8.1e-08
3806000 8.11e-08
3807000 8.1e-08
3808000 8.11e-08
3809000 8.19e-08
3810000 8.1e-08
3811000 8.13e-08
3812000 8.1e-08
3813000 8.1e-08
3814000 8.2e-08
3815000 8.17e-08
3816000 8.16e-08
3817000 8.11e-08
3818000 7.9e-08
3819000 7.97e-08
3820000 7.96e-08
3821000 7.9e-08
3822000 7.9e-08
3823000 8.1e-08
3824000 8.11e-08
3825000 8.11e-08
3826000 8.2e-08
3827000 8.1e-08
3828000 8.11e-08
3829000 8.15e-08
3830000 8.1e-08
3831000 8.1e-08
3832000 8.1e-08
3833000 8.1e-08
3834000 8.16e-08
3835000 8.11e-08
3836000 8.1e-08
3837000 8.13e-08
3838000 8.45e-08
3839000 8.11e-08
3840000 8.17e-08
3841000 8.24e-08
3842000 8.08e-08
3843000 8.1e-08
3844000 8.1e-08
3845000 8.08e-08
3846000 8.1e-08
3847000 8.08e-08
3848000 8.1e-08
3849000 8.11e-08
3850000 8.11e-08
3851000 8.1e-08
3852000 8.14e-08
3853000 8.1e-08
3854000 8.1e-08
3855000 8.07e-08
3856000 8.08e-08
3857000 8.15e-08
3858000 8.08e-08
3859000 8.16e-08
3860000 8.36e-08
3861000 8.15e-08
3862000 8.1e-08
3863000 8.46e-08
3864000 8.16e-08
3865000 8.16e-08
3866000 8.18e-08
3867000 8.35e-08
3868000 8.1e-08
3869000 8.1e-08
3870000 8.1e-08
3871000 8.1e-08
3872000 8.1e-08
3873000 8.11e-08
3874000 8.1e-08
3875000 8.13e-08
3876000 8.1e-08
3877000 8.11e-08
3878000 8.1e-08
3879000 8.08e-08
3880000 8.1e-08
3881000 8.1e-08
3882000 7.9e-08
3883000 7.9e-08
3884000 7.92e-08
3885000 7.99e-08
3886000 7.91e-08
3887000 8.1e-08
3888000 8.12e-08
3889000 8.13e-08
3890000 8.1e-08
3891000 8.11e-08
3892000 8.13e-08
3893000 8.36e-08
3894000 8.1e-08
3895000 8.38e-08
3896000 8.11e-08
3897000 7.9e-08
3898000 7.92e-08
3899000 7.9e-08
3900000 7.9e-08
3901000 7.87e-08
3902000 7.88e-08
3903000 7.9e-08
3904000 7.9e-08
3905000 7.96e-08
3906000 7.92e-08
3907000 7.89e-08
3908000 8.12e-08
3909000 8.1e-08
3910000 8.1e-08
3911000 8.08e-08
3912000 8.11e-08
3913000 8.08e-08
3914000 8.13e-08
3915000 8.22e-08
3916000 8.11e-08
3917000 8.14e-08
3918000 9.73e-08
3919000 8.23e-08
3920000 8.15e-08
3921000 8.1e-08
3922000 8.08e-08
3923000 8.1e-08
3924000 8.11e-08
3925000 8.1e-08
3926000 8.08e-08
3927000 8.13e-08
3928000 8.15e-08
3929000 8.13e-08
3930000 8.15e-08
3931000 8.16e-08
3932000 8.18e-08
3933000 8.27e-08
3934000 8.16e-08
3935000 8.09e-08
3936000 8.08e-08
3937000 8.11e-08
3938000 8.13e-08
3939000 8.15e-08
3940000 8.1e-08
3941000 8.11e-08
3942000 8.1e-08
3943000 8.07e-08
3944000 8.11e-08
3945000 8.11e-08
3946000 8.12e-08
3947000 8.08e-08
3948000 8.08e-08
3949000 8.13e-08
3950000 8.9e-08
3951000 8.12e-08
3952000 8.14e-08
3953000 8.18e-08
3954000 8.08e-08
3955000 8.13e-08
3956000 8.11e-08
3957000 8.1e-08
3958000 8.11e-08
3959000 8.11e-08
3960000 8.1e-08
3961000 8.11e-08
3962000 8.1e-08
3963000 8.1e-08
3964000 8.12e-08
3965000 8.1e-08
3966000 8.1e-08
3967000 8.26e-08
3968000 8.19e-08
3969000 8.22e-08
3970000 8.22e-08
3971000 8.18e-08
3972000 8.18e-08
3973000 8.13e-08
3974000 8.1e-08
3975000 8.1e-08
3976000 8.07e-08
3977000 8.11e-08
3978000 8.1e-08
3979000 8.19e-08
3980000 8.14e-08
3981000 8.17e-08
3982000 8.1e-08
3983000 8.13e-08
3984000 8.1e-08
3985000 8.1e-08
3986000 8.11e-08
3987000 8.11e-08
3988000 8.09e-08
3989000 8.12e-08
3990000 8.11e-08
3991000 8.1e-08
3992000 8.09e-08
3993000 8.14e-08
3994000 8.15e-08
3995000 8.1e-08
3996000 8.1e-08
3997000 8.07e-08
3998000 8.11e-08
3999000 8.16e-08
4000000 8.16e-08
4001000 8.1e-08
4002000 8.1e-08
4003000 9.57e-08
4004000 8.11e-08
4005000 8.14e-08
4006000 8.11e-08
4007000 8.13e-08
4008000 8.08e-08
4009000 8.37e-08
4010000 8.14e-08
4011000 8e-08
4012000 7.96e-08
4013000 7.96e-08
4014000 7.92e-08
4015000 7.9e-08
4016000 7.9e-08
4017000 7.88e-08
4018000 8.68e-08
4019000 8.1e-08
4020000 8.13e-08
4021000 8.14e-08
4022000 8.15e-08
4023000 8.1e-08
4024000 8.1e-08
4025000 7.9e-08
4026000 7.89e-08
4027000 7.89e-08
4028000 8.23e-08
4029000 7.89e-08
4030000 7.91e-08
4031000 7.9e-08
4032000 7.9e-08
4033000 7.9e-08
4034000 7.9e-08
4035000 7.94e-08
4036000 7.91e-08
4037000 8.1e-08
4038000 8.1e-08
4039000 8.15e-08
4040000 8.12e-08
4041000 8.11e-08
4042000 8.12e-08
4043000 9.5e-08
4044000 8.11e-08
4045000 8.1e-08
4046000 8.14e-08
4047000 8.11e-08
4048000 8.12e-08
4049000 8.19e-08
4050000 8.15e-08
4051000 8.11e-08
4052000 8.13e-08
4053000 8.12e-08
4054000 8.11e-08
4055000 8.11e-08
4056000 8.17e-08
4057000 8.38e-08
4058000 8.1e-08
4059000 8.1e-08
4060000 8.1e-08
4061000 8.09e-08
4062000 8.18e-08
4063000 8.15e-08
4064000 8.1e-08
4065000 8.11e-08
4066000 8.13e-08
4067000 8.1e-08
4068000 8.1e-08
4069000 8.11e-08
4070000 8.17e-08
4071000 8.08e-08
4072000 8.13e-08
4073000 1.252e-07
4074000 8.1e-08
4075000 8.1e-08
4076000 8.1e-08
4077000 8.15e-08
4078000 8.1e-08
4079000 8.14e-08
4080000 8.2e-08
4081000 8.08e-08
4082000 8.08e-08
4083000 8.42e-08
4084000 8.29e-08
4085000 8.29e-08
4086000 8.15e-08
4087000 8.08e-08
4088000 8.11e-08
4089000 8.16e-08
4090000 8.1e-08
4091000 8.1e-08
4092000 8.18e-08
4093000 8.1e-08
4094000 8.11e-08
4095000 8.11e-08
4096000 8.11e-08
4097000 8.07e-08
4098000 8.14e-08
4099000 8.1e-08
4100000 8.1e-08
4101000 8.1e-08
4102000 8.19e-08
4103000 8.11e-08
4104000 8.12e-08
4105000 8.08e-08
4106000 8.08e-08
4107000 8.08e-08
4108000 8.11e-08
4109000 8.08e-08
4110000 8.14e-08
4111000 8.1e-08
4112000 8.18e-08
4113000 8.07e-08
4114000 8.1e-08
4115000 8.29e-08
4116000 8.1e-08
4117000 8.08e-08
4118000 8.11e-08
4119000 8.32e-08
4120000 8.1e-08
4121000 8.08e-08
4122000 8.11e-08
4123000 8.19e-08
4124000 7.91e-08
4125000 7.9e-08
4126000 7.91e-08
4127000 7.87e-08
4128000 7.87e-08
4129000 7.9e-08
4130000 7.9e-08
4131000 7.88e-08
4132000 7.88e-08
4133000 7.9e-08
4134000 8.15e-08
4135000 8.11e-08
4136000 8.15e-08
4137000 8.11e-08
4138000 8.11e-08
4139000 8.13e-08
4140000 8.16e-08
4141000 8.1e-08
4142000 8.11e-08
4143000 8.13e-08
4144000 8.08e-08
4145000 8.11e-08
4146000 8.18e-08
4147000 8.08e-08
4148000 8.08e-08
4149000 8.13e-08
4150000 8.12e-08
4151000 8.1e-08
4152000 8.11e-08
4153000 8.13e-08
4154000 8.1e-08
4155000 8.1e-08
4156000 8.12e-08
4157000 8.11e-08
4158000 8.13e-08
4159000 8.13e-08
4160000 8.13e-08
4161000 8.1e-08
4162000 8.14e-08
4163000 8.19e-08
4164000 8.08e-08
4165000 8.08e-08
4166000 8.1e-08
4167000 8.1e-08
4168000 8.11e-08
4169000 8.15e-08
4170000 8.35e-08
4171000 8.32e-08
4172000 8.29e-08
4173000 8.35e-08
4174000 8.36e-08
4175000 8.32e-08
4176000 8.42e-08
4177000 8.12e-08
4178000 8.21e-08
4179000 8.19e-08
4180000 8.15e-08
4181000 8.2e-08
4182000 8.19e-08
4183000 8.37e-08
4184000 8.38e-08
4185000 8.37e-08
4186000 8.36e-08
4187000 8.42e-08
4188000 8.39e-08
4189000 8.2e-08
4190000 8.18e-08
4191000 8.28e-08
4192000 8.25e-08
4193000 8.23e-08
4194000 8.17e-08
4195000 8.58e-08
4196000 8.66e-08
4197000 8.63e-08
4198000 8.59e-08
4199000 8.61e-08
4200000 8.57e-08
4201000 8.61e-08
4202000 8.58e-08
4203000 8.56e-08
4204000 8.6e-08
4205000 8.56e-08
4206000 8.71e-08
4207000 8.56e-08
4208000 8.56e-08
4209000 8.56e-08
4210000 8.56e-08
4211000 8.52e-08
4212000 8.57e-08
4213000 8.52e-08
4214000 8.52e-08
4215000 8.52e-08
4216000 8.51e-08
4217000 8.55e-08
4218000 8.51e-08
4219000 8.52e-08
4220000 8.51e-08
4221000 8.52e-08
4222000 8.52e-08
4223000 8.51e-08
4224000 8.58e-08
4225000 8.52e-08
4226000 8.51e-08
4227000 8.49e-08
4228000 8.59e-08
4229000 8.52e-08
4230000 8.48e-08
4231000 8.45e-08
4232000 8.53e-08
4233000 8.45e-08
4234000 8.45e-08
4235000 8.5e-08
4236000 8.5e-08
4237000 8.46e-08
4238000 8.46e-08
4239000 8.53e-08
4240000 8.52e-08
4241000 8.43e-08
4242000 8.49e-08
4243000 8.46e-08
4244000 8.42e-08
4245000 8.5e-08
4246000 8.68e-08
4247000 8.68e-08
4248000 8.65e-08
4249000 8.68e-08
4250000 8.77e-08
4251000 8.68e-08
4252000 8.68e-08
4253000 8.68e-08
4254000 8.72e-08
4255000 8.67e-08
4256000 8.46e-08
4257000 8.46e-08
4258000 8.45e-08
4259000 8.45e-08
4260000 8.59e-08
4261000 8.52e-08
4262000 8.75e-08
4263000 8.68e-08
4264000 8.72e-08
4265000 8.68e-08
4266000 8.67e-08
4267000 8.77e-08
4268000 8.65e-08
4269000 8.58e-08
4270000 8.45e-08
4271000 8.52e-08
4272000 8.43e-08
4273000 8.45e-08
4274000 8.45e-08
4275000 8.46e-08
4276000 8.46e-08
4277000 8.45e-08
4278000 8.45e-08
4279000 8.42e-08
4280000 8.49e-08
4281000 8.46e-08
4282000 8.48e-08
4283000 8.44e-08
4284000 8.46e-08
4285000 8.49e-08
4286000 8.48e-08
4287000 8.46e-08
4288000 8.43e-08
4289000 8.42e-08
4290000 8.43e-08
4291000 8.46e-08
4292000 8.46e-08
4293000 8.52e-08
4294000 8.49e-08
4295000 8.48e-08
4296000 8.43e-08
4297000 8.58e-08
4298000 8.45e-08
4299000 8.61e-08
4300000 8.46e-08
4301000 8.46e-08
4302000 8.45e-08
4303000 8.5e-08
4304000 8.45e-08
4305000 8.49e-08
4306000 8.42e-08
4307000 8.46e-08
4308000 8.24e-08
4309000 8.29e-08
4310000 8.28e-08
4311000 8.28e-08
4312000 8.45e-08
4313000 8.43e-08
4314000 8.46e-08
4315000 8.43e-08
4316000 8.47e-08
4317000 8.43e-08
4318000 8.45e-08
4319000 8.53e-08
4320000 8.43e-08
4321000 8.46e-08
4322000 8.45e-08
4323000 8.42e-08
4324000 8.44e-08
4325000 8.43e-08
4326000 8.53e-08
4327000 8.51e-08
4328000 8.46e-08
4329000 8.49e-08
4330000 8.73e-08
4331000 8.5e-08
4332000 8.47e-08
4333000 8.45e-08
4334000 8.52e-08
4335000 8.46e-08
4336000 8.43e-08
4337000 8.46e-08
4338000 8.44e-08
4339000 8.46e-08
4340000 8.45e-08
4341000 8.46e-08
4342000 8.49e-08
4343000 8.77e-08
4344000 8.72e-08
4345000 8.97e-08
4346000 8.68e-08
4347000 8.72e-08
4348000 8.68e-08
4349000 8.68e-08
4350000 8.68e-08
4351000 8.65e-08
4352000 8.7e-08
4353000 8.68e-08
4354000 8.79e-08
4355000 8.66e-08
4356000 8.68e-08
4357000 8.65e-08
4358000 8.65e-08
4359000 8.65e-08
4360000 8.67e-08
4361000 8.69e-08
4362000 8.68e-08
4363000 8.65e-08
4364000 8.65e-08
4365000 8.71e-08
4366000 8.65e-08
4367000 8.65e-08
4368000 8.68e-08
4369000 8.65e-08
4370000 8.69e-08
4371000 8.65e-08
4372000 8.78e-08
4373000 8.73e-08
4374000 8.47e-08
4375000 8.43e-08
4376000 8.45e-08
4377000 8.45e-08
4378000 8.44e-08
4379000 8.67e-08
4380000 8.68e-08
4381000 8.65e-08
4382000 8.58e-08
4383000 8.51e-08
4384000 8.44e-08
4385000 8.45e-08
4386000 1.032e-07
4387000 8.46e-08
4388000 8.46e-08
4389000 8.46e-08
4390000 8.51e-08
4391000 8.48e-08
4392000 8.46e-08
4393000 8.46e-08
4394000 8.43e-08
4395000 8.52e-08
4396000 8.45e-08
4397000 8.46e-08
4398000 8.46e-08
4399000 8.45e-08
4400000 8.5e-08
4401000 8.45e-08
4402000 8.49e-08
4403000 8.46e-08
4404000 8.46e-08
4405000 8.57e-08
4406000 8.46e-08
4407000 8.45e-08
4408000 8.55e-08
4409000 8.46e-08
4410000 8.45e-08
4411000 8.45e-08
4412000 8.49e-08
4413000 8.53e-08
4414000 8.48e-08
4415000 8.48e-08
4416000 8.45e-08
4417000 8.46e-08
4418000 8.55e-08
4419000 8.45e-08
4420000 8.45e-08
4421000 8.48e-08
4422000 8.47e-08
4423000 8.44e-08
4424000 8.57e-08
4425000 8.45e-08
4426000 8.48e-08
4427000 8.53e-08
4428000 8.46e-08
4429000 8.45e-08
4430000 8.52e-08
4431000 8.45e-08
4432000 8.46e-08
4433000 8.45e-08
4434000 8.46e-08
4435000 8.55e-08
4436000 8.43e-08
4437000 8.46e-08
4438000 8.49e-08
4439000 8.52e-08
4440000 8.45e-08
4441000 8.43e-08
4442000 9.02e-08
4443000 8.46e-08
4444000 8.46e-08
4445000 8.48e-08
4446000 8.45e-08
4447000 8.53e-08
4448000 8.45e-08
4449000 8.45e-08
4450000 8.66e-08
4451000 8.7e-08
4452000 8.68e-08
4453000 8.67e-08
4454000 8.67e-08
4455000 8.65e-08
4456000 8.74e-08
4457000 8.75e-08
4458000 8.75e-08
4459000 8.68e-08
4460000 8.67e-08
4461000 8.51e-08
4462000 8.45e-08
4463000 8.43e-08
4464000 8.53e-08
4465000 8.43e-08
4466000 8.46e-08
4467000 8.43e-08
4468000 8.51e-08
4469000 8.46e-08
4470000 8.46e-08
4471000 8.46e-08
4472000 8.45e-08
4473000 8.52e-08
4474000 8.45e-08
4475000 8.48e-08
4476000 8.46e-08
4477000 8.51e-08
4478000 8.56e-08
4479000 8.45e-08
4480000 8.43e-08
4481000 8.43e-08
4482000 8.53e-08
4483000 8.49e-08
4484000 8.45e-08
4485000 8.45e-08
4486000 8.45e-08
4487000 8.5e-08
4488000 8.45e-08
4489000 8.37e-08
4490000 8.29e-08
4491000 8.22e-08
4492000 8.24e-08
4493000 8.3e-08
4494000 8.36e-08
4495000 8.24e-08
4496000 8.3e-08
4497000 8.24e-08
4498000 8.47e-08
4499000 8.46e-08
4500000 8.57e-08
4501000 8.46e-08
4502000 8.56e-08
4503000 8.45e-08
4504000 8.46e-08
4505000 8.46e-08
4506000 8.48e-08
4507000 8.46e-08
4508000 8.45e-08
4509000 8.43e-08
4510000 8.48e-08
4511000 8.46e-08
4512000 8.5e-08
4513000 8.45e-08
4514000 8.45e-08
4515000 8.47e-08
4516000 8.68e-08
4517000 8.65e-08
4518000 8.67e-08
4519000 8.68e-08
4520000 8.68e-08
4521000 8.73e-08
4522000 8.94e-08
4523000 1.001e-07
4524000 8.93e-08
4525000 8.96e-08
4526000 8.98e-08
4527000 8.92e-08
4528000 8.91e-08
4529000 8.89e-08
4530000 8.91e-08
4531000 8.91e-08
4532000 8.88e-08
4533000 8.91e-08
4534000 8.99e-08
4535000 1.275e-07
4536000 8.91e-08
4537000 8.89e-08
4538000 9e-08
4539000 9.05e-08
4540000 8.94e-08
4541000 8.95e-08
4542000 8.99e-08
4543000 8.91e-08
4544000 9.2e-08
4545000 9.16e-08
4546000 9.43e-08
4547000 9.68e-08
4548000 9.67e-08
4549000 1.645e-07
4550000 1.01e-07
4551000 9.96e-08
4552000 1.029e-07
4553000 1.03e-07
4554000 1.03e-07
4555000 1.048e-07
4556000 1.005e-07
4557000 9.96e-08
4558000 1.104e-07
4559000 9.99e-08
4560000 1.01e-07
4561000 9.75e-08
4562000 9.87e-08
4563000 9.7e-08
4564000 9.87e-08
4565000 9.69e-08
4566000 9.7e-08
4567000 9.42e-08
4568000 9.49e-08
4569000 9.39e-08
4570000 9.39e-08
4571000 9.16e-08
4572000 9.16e-08
4573000 9.16e-08
4574000 9.16e-08
4575000 9.17e-08
4576000 9.16e-08
4577000 9.16e-08
4578000 9.13e-08
4579000 8.88e-08
4580000 8.91e-08
4581000 8.97e-08
4582000 8.89e-08
4583000 8.93e-08
4584000 8.92e-08
4585000 8.91e-08
4586000 8.88e-08
4587000 8.95e-08
4588000 8.96e-08
4589000 8.91e-08
4590000 8.91e-08
4591000 8.9e-08
4592000 8.95e-08
4593000 8.99e-08
4594000 8.91e-08
4595000 8.88e-08
4596000 8.94e-08
4597000 8.98e-08
4598000 8.91e-08
4599000 8.88e-08
4600000 8.91e-08
4601000 8.89e-08
4602000 9.03e-08
4603000 8.9e-08
4604000 8.92e-08
4605000 8.92e-08
4606000 8.91e-08
4607000 8.89e-08
4608000 8.93e-08
4609000 8.88e-08
4610000 8.91e-08
4611000 8.91e-08
4612000 8.91e-08
4613000 9.16e-08
4614000 9.13e-08
4615000 9.17e-08
4616000 9.31e-08
4617000 9.2e-08
4618000 9.13e-08
4619000 9.43e-08
4620000 1.021e-07
4621000 9.16e-08
4622000 9.16e-08
4623000 8.91e-08
4624000 9.65e-08
4625000 8.9e-08
4626000 8.89e-08
4627000 8.88e-08
4628000 9.7e-08
4629000 9.35e-08
4630000 8.92e-08
4631000 8.94e-08
4632000 8.94e-08
4633000 1.002e-07
4634000 8.91e-08
4635000 8.92e-08
4636000 1e-07
4637000 9.55e-08
4638000 9.33e-08
4639000 8.89e-08
4640000 8.91e-08
4641000 8.91e-08
4642000 8.91e-08
4643000 8.96e-08
4644000 9.7e-08
4645000 8.95e-08
4646000 8.92e-08
4647000 8.91e-08
4648000 8.92e-08
4649000 9.15e-08
4650000 8.9e-08
4651000 8.92e-08
4652000 9.43e-08
4653000 8.93e-08
4654000 8.92e-08
4655000 8.88e-08
4656000 9.64e-08
4657000 8.91e-08
4658000 8.95e-08
4659000 8.88e-08
4660000 8.91e-08
4661000 8.91e-08
4662000 8.91e-08
4663000 8.9e-08
4664000 8.93e-08
4665000 8.93e-08
4666000 8.97e-08
4667000 8.88e-08
4668000 9.68e-08
4669000 8.91e-08
4670000 8.91e-08
4671000 8.93e-08
4672000 8.91e-08
4673000 1.16e-07
4674000 1.238e-07
4675000 1.816e-07
4676000 1.275e-07
4677000 1.3e-07
4678000 1.389e-07
4679000 1.874e-07
4680000 1.702e-07
4681000 1.089e-07
4682000 1.302e-07
4683000 1.297e-07
4684000 9.69e-08
4685000 1.183e-07
4686000 8.68e-08
4687000 9.09e-08
4688000 8.68e-08
4689000 9.22e-08
4690000 8.68e-08
4691000 8.68e-08
4692000 9.11e-08
4693000 9.16e-08
4694000 1.003e-07
4695000 1.069e-07
4696000 1.11e-07
4697000 9.69e-08
4698000 1.371e-07
4699000 8.93e-08
4700000 1.205e-07
4701000 8.68e-08
4702000 8.79e-08
4703000 8.53e-08
4704000 8.46e-08
4705000 8.68e-08
4706000 1.044e-07
4707000 9.38e-08
4708000 8.61e-08
4709000 8.46e-08
4710000 9.41e-08
4711000 8.75e-08
4712000 8.8e-08
4713000 8.42e-08
4714000 9.28e-08
4715000 8.43e-08
4716000 8.46e-08
4717000 8.49e-08
4718000 9.25e-08
4719000 8.38e-08
4720000 9.06e-08
4721000 1.116e-07
4722000 1.164e-07
4723000 9.07e-08
4724000 8.25e-08
4725000 8.94e-08
4726000 8.68e-08
4727000 9e-08
4728000 8.59e-08
4729000 9.23e-08
4730000 1.094e-07
4731000 1.102e-07
4732000 1.083e-07
4733000 1.251e-07
4734000 1.159e-07
4735000 8.46e-08
4736000 8.73e-08
4737000 8.46e-08
4738000 1.065e-07
4739000 1.107e-07
4740000 9.22e-08
4741000 1.045e-07
4742000 9.2e-08
4743000 9.16e-08
4744000 8.54e-08
4745000 1.031e-07
4746000 1.044e-07
4747000 1.165e-07
4748000 1.167e-07
4749000 8.66e-08
4750000 9.02e-08
4751000 9.16e-08
4752000 9.01e-08
4753000 1.319e-07
4754000 1.028e-07
4755000 1.182e-07
4756000 9.67e-08
4757000 1.27e-07
4758000 9.45e-08
4759000 1.118e-07
4760000 8.15e-08
4761000 9e-08
4762000 1.085e-07
4763000 1.026e-07
4764000 1.142e-07
4765000 9.7e-08
4766000 9.69e-08
4767000 1.163e-07
4768000 1.13e-07
4769000 1.192e-07
4770000 8.6e-08
4771000 1.03e-07
4772000 1.428e-07
4773000 1.086e-07
4774000 1.08e-07
4775000 1.012e-07
4776000 1.652e-07
4777000 9.06e-08
4778000 1.147e-07
4779000 1.06e-07
4780000 9.48e-08
4781000 8.69e-08
4782000 1.002e-07
4783000 9.67e-08
4784000 1.173e-07
4785000 1.153e-07
4786000 1.03e-07
4787000 9.73e-08
4788000 9.48e-08
4789000 1.036e-07
4790000 1.099e-07
4791000 1.114e-07
4792000 9.08e-08
4793000 1.064e-07
4794000 1.108e-07
4795000 1.144e-07
4796000 1.262e-07
4797000 1.094e-07
4798000 1.37e-07
4799000 1.195e-07
4800000 1.059e-07
4801000 1.084e-07
4802000 1.085e-07
4803000 1.002e-07
4804000 8.68e-08
4805000 1.314e-07
4806000 1.223e-07
4807000 1.184e-07
4808000 8.53e-08
4809000 9.46e-08
4810000 8.91e-08
4811000 8.24e-08
4812000 8.27e-08
4813000 9.84e-08
4814000 8.94e-08
4815000 9.3e-08
4816000 8.05e-08
4817000 9.13e-08
4818000 8.22e-08
4819000 9.42e-08
4820000 9.49e-08
4821000 9.17e-08
4822000 8.91e-08
4823000 9.48e-08
4824000 8.45e-08
4825000 1.137e-07
4826000 1.005e-07
4827000 8.68e-08
4828000 1.063e-07
4829000 1.114e-07
4830000 8.91e-08
4831000 8.72e-08
4832000 8.49e-08
4833000 9.14e-08
4834000 9.19e-08
4835000 1.07e-07
4836000 8.67e-08
4837000 9.47e-08
4838000 8.46e-08
4839000 8.46e-08
4840000 1.136e-07
4841000 8.89e-08
4842000 8.77e-08
4843000 8.88e-08
4844000 8.78e-08
4845000 9.16e-08
4846000 9.7e-08
4847000 8.84e-08
4848000 8.66e-08
4849000 9.77e-08
4850000 9.22e-08
4851000 9.99e-08
4852000 9.15e-08
4853000 9.48e-08
4854000 9.55e-08
4855000 1.004e-07
4856000 9.33e-08
4857000 8.75e-08
4858000 9.11e-08
4859000 1.028e-07
4860000 8.73e-08
4861000 9.44e-08
4862000 9.32e-08
4863000 1.113e-07
4864000 1.134e-07
4865000 1.054e-07
4866000 9.18e-08
4867000 8.08e-08
4868000 9.67e-08
4869000 8.7e-08
4870000 8.5e-08
4871000 8.6e-08
4872000 1.039e-07
4873000 8.45e-08
4874000 1.024e-07
4875000 9.54e-08
4876000 9.62e-08
4877000 1.089e-07
4878000 1.256e-07
4879000 9.94e-08
4880000 1.025e-07
4881000 1.163e-07
4882000 1.317e-07
4883000 1.074e-07
4884000 1.29e-07
4885000 1.057e-07
4886000 9.18e-08
4887000 1.053e-07
4888000 1.126e-07
4889000 1.106e-07
4890000 1.299e-07
4891000 1.021e-07
4892000 1.186e-07
4893000 9.01e-08
4894000 1.169e-07
4895000 1.315e-07
4896000 1.302e-07
4897000 1.056e-07
4898000 1.23e-07
4899000 1.265e-07
4900000 1.166e-07
4901000 9.83e-08
4902000 8.95e-08
4903000 8.25e-08
4904000 9.05e-08
4905000 9.27e-08
4906000 1.158e-07
4907000 1.442e-07
4908000 8.91e-08
4909000 1e-07
4910000 8.91e-08
4911000 8.75e-08
4912000 8.52e-08
4913000 9.69e-08
4914000 8.92e-08
4915000 9.13e-08
4916000 9.7e-08
4917000 1.104e-07
4918000 1.126e-07
4919000 9.31e-08
4920000 1.037e-07
4921000 8.46e-08
4922000 8.68e-08
4923000 1.005e-07
4924000 8.68e-08
4925000 8.78e-08
4926000 8.99e-08
4927000 9.16e-08
4928000 9.16e-08
4929000 1.179e-07
4930000 8.87e-08
4931000 8.67e-08
4932000 8.49e-08
4933000 8.89e-08
4934000 8.66e-08
4935000 8.67e-08
4936000 1.107e-07
4937000 8.96e-08
4938000 8.5e-08
4939000 1.012e-07
4940000 1.081e-07
4941000 1.03e-07
4942000 9.42e-08
4943000 8.46e-08
4944000 9.22e-08
4945000 8.46e-08
4946000 8.45e-08
4947000 8.53e-08
4948000 8.86e-08
4949000 1.06e-07
4950000 8.58e-08
4951000 9.76e-08
4952000 9.09e-08
4953000 1.063e-07
4954000 8.22e-08
4955000 8.72e-08
4956000 9.42e-08
4957000 9.2e-08
4958000 8.97e-08
4959000 8.92e-08
4960000 8.96e-08
4961000 9.65e-08
4962000 9.23e-08
4963000 8.75e-08
4964000 8.92e-08
4965000 8.55e-08
4966000 8.67e-08
4967000 9.4e-08
4968000 9.58e-08
4969000 8.94e-08
4970000 9.2e-08
4971000 9.73e-08
4972000 9.8e-08
4973000 9.11e-08
4974000 1.02e-07
4975000 9.78e-08
4976000 9.75e-08
4977000 9.42e-08
4978000 9.73e-08
4979000 9.54e-08
4980000 9.18e-08
4981000 8.84e-08
4982000 8.86e-08
4983000 8.91e-08
4984000 8.91e-08
4985000 8.83e-08
4986000 9.46e-08
4987000 9.21e-08
4988000 8.68e-08
4989000 8.01e-08
4990000 8.92e-08
4991000 8.25e-08
4992000 8.46e-08
4993000 9.04e-08
4994000 1.137e-07
4995000 9.25e-08
4996000 8.72e-08
4997000 8.74e-08
4998000 9.16e-08
4999000 9.96e-08
5000000 8.45e-08
5001000 8.71e-08
5002000 8.65e-08
5003000 8.93e-08
5004000 8.51e-08
5005000 8.82e-08
5006000 8.65e-08
5007000 8.65e-08
5008000 8.91e-08
5009000 1.042e-07
5010000 8.65e-08
5011000 8.85e-08
5012000 8.63e-08
5013000 9.08e-08
5014000 8.91e-08
5015000 8.46e-08
5016000 8.64e-08
5017000 8.25e-08
5018000 8.62e-08
5019000 8.67e-08
5020000 8.44e-08
5021000 1.039e-07
5022000 8.45e-08
5023000 1.046e-07
5024000 8.78e-08
5025000 9.18e-08
5026000 8.28e-08
5027000 8.45e-08
5028000 9.51e-08
5029000 8.75e-08
5030000 8.88e-08
5031000 9.45e-08
5032000 8.96e-08
5033000 9.3e-08
5034000 9.15e-08
5035000 8.45e-08
5036000 8.45e-08
5037000 8.78e-08
5038000 9.21e-08
5039000 8.34e-08
5040000 8.67e-08
5041000 8.58e-08
5042000 1.151e-07
5043000 1.223e-07
5044000 1.174e-07
5045000 9e-08
5046000 1.137e-07
5047000 1.152e-07
5048000 8.24e-08
5049000 1.201e-07
5050000 1.138e-07
5051000 9.93e-08
5052000 9.64e-08
5053000 1.161e-07
5054000 9.05e-08
5055000 8.24e-08
5056000 8.73e-08
5057000 8.91e-08
5058000 8.44e-08
5059000 8.68e-08
5060000 9.01e-08
5061000 8.87e-08
5062000 8.77e-08
5063000 8.91e-08
5064000 9.29e-08
5065000 8.37e-08
5066000 9.25e-08
5067000 9.3e-08
5068000 8.67e-08
5069000 9.34e-08
5070000 8.89e-08
5071000 8.45e-08
5072000 8.37e-08
5073000 8.67e-08
5074000 8.9e-08
5075000 8.52e-08
5076000 8.77e-08
5077000 8.71e-08
5078000 8.91e-08
