
10000 7.6e-05
11000 7.5e-05
12000 4.1e-05
13000 4.5e-05
14000 4.9e-05
15000 5.1e-05
16000 6.1e-05
17000 5.7e-05
18000 6.1e-05
19000 6.5e-05
20000 0.000105
21000 9.1e-05
22000 7.5e-05
23000 7.8e-05
24000 0.000121
25000 8.6e-05
26000 8.8e-05
27000 0.00013
28000 9.8e-05
29000 0.000102
30000 0.000152
31000 0.000163
32000 0.000172
33000 0.000113
34000 0.000117
35000 0.000117
36000 0.000139
37000 0.000161
38000 0.000129
39000 0.000135
40000 0.000151
41000 0.000137
42000 0.000144
43000 0.000205
44000 0.00023
45000 0.000154
46000 0.000165
47000 0.000166
48000 0.000165
49000 0.000168
50000 0.000174
51000 0.000174
52000 0.000268
53000 0.000179
54000 0.000184
55000 0.000187
56000 0.000194
57000 0.000199
58000 0.000197
59000 0.000202
60000 0.000207
61000 0.00021
62000 0.00021
63000 0.000216
64000 0.00032
65000 0.00022
66000 0.000223
67000 0.000227
68000 0.00027
69000 0.000362
70000 0.000242
71000 0.000256
72000 0.00026
73000 0.000271
74000 0.000255
75000 0.000255
76000 0.000262
77000 0.000259
78000 0.000344
79000 0.00027
80000 0.000304
81000 0.000362
82000 0.000284
83000 0.000361
84000 0.0004
85000 0.000292
86000 0.000294
87000 0.000298
88000 0.000443
89000 0.00031
90000 0.000307
91000 0.000309
92000 0.000311
93000 0.000326
94000 0.000334
95000 0.000347
96000 0.000331
97000 0.000332
98000 0.000336
99000 0.000338
100000 0.000441
101000 0.000344
102000 0.000424
103000 0.000353
104000 0.000358
105000 0.00036
106000 0.000361
107000 0.000362
108000 0.000369
109000 0.000377
110000 0.000559
111000 0.000378
112000 0.000379
113000 0.000387
114000 0.000388
115000 0.000396
116000 0.00041
117000 0.000504
118000 0.000407
119000 0.000413
120000 0.000534
121000 0.000415
122000 0.000415
123000 0.00043
124000 0.000442
125000 0.000429
126000 0.000555
127000 0.000436
128000 0.000436
129000 0.000443
130000 0.000489
131000 0.000449
132000 0.000468
133000 0.000466
134000 0.00059
135000 0.000662
136000 0.000483
137000 0.000467
138000 0.000469
139000 0.00054
140000 0.000481
141000 0.000599
142000 0.000484
143000 0.000503
144000 0.000498
145000 0.000504
146000 0.000508
147000 0.000503
148000 0.000504
149000 0.000511
150000 0.000514
151000 0.000539
152000 0.000551
153000 0.000557
154000 0.000533
155000 0.000546
156000 0.000537
157000 0.000568
158000 0.000541
159000 0.000545
160000 0.000563
161000 0.000639
162000 0.00056
163000 0.000562
164000 0.000723
165000 0.000727
166000 0.000583
167000 0.00074
168000 0.000864
169000 0.000582
170000 0.000592
171000 0.000589
172000 0.000611
173000 0.000632
174000 0.000605
175000 0.000599
176000 0.000742
177000 0.000914
178000 0.000662
179000 0.000946
180000 0.000624
181000 0.000621
182000 0.00075
183000 0.000648
184000 0.000644
185000 0.000664
186000 0.000663
187000 0.00064
188000 0.000741
189000 0.000655
190000 0.000664
191000 0.000671
192000 0.00069
193000 0.000672
194000 0.000661
195000 0.000677
196000 0.000672
197000 0.000666
198000 0.000706
199000 0.000682
200000 0.000726
201000 0.00068
202000 0.000692
203000 0.0007
204000 0.000765
205000 0.000716
206000 0.000852
207000 0.000983
208000 0.000755
209000 0.000721
210000 0.000724
211000 0.000718
212000 0.000939
213000 0.000746
214000 0.000738
215000 0.000775
216000 0.000781
217000 0.000774
218000 0.000757
219000 0.000764
220000 0.001095
221000 0.000801
222000 0.000801
223000 0.000776
224000 0.000768
225000 0.000772
226000 0.000784
227000 0.000777
228000 0.000811
229000 0.000789
230000 0.000774
231000 0.000796
232000 0.000797
233000 0.00093
234000 0.000821
235000 0.000815
236000 0.000814
237000 0.000819
238000 0.000848
239000 0.000853
240000 0.000828
241000 0.000868
242000 0.000954
243000 0.000828
244000 0.000835
245000 0.000835
246000 0.000885
247000 0.001297
248000 0.000954
249000 0.000848
250000 0.000851
251000 0.000858
252000 0.000863
253000 0.001101
254000 0.00087
255000 0.000873
256000 0.001333
257000 0.000885
258000 0.000892
259000 0.001284
260000 0.000884
261000 0.001268
262000 0.0014
263000 0.000995
264000 0.000899
265000 0.000937
266000 0.000938
267000 0.000914
268000 0.000918
269000 0.000929
270000 0.00095
271000 0.001443
272000 0.000933
273000 0.000935
274000 0.000927
275000 0.00095
276000 0.000939
277000 0.000948
278000 0.000947
279000 0.000947
280000 0.001013
281000 0.000983
282000 0.000988
283000 0.000991
284000 0.000972
285000 0.000992
286000 0.001002
287000 0.000989
288000 0.000993
289000 0.001006
290000 0.000987
291000 0.000996
292000 0.001285
293000 0.000991
294000 0.001007
295000 0.001478
296000 0.001007
297000 0.00101
298000 0.001021
299000 0.001028
300000 0.001151
301000 0.001035
302000 0.001078
303000 0.001051
304000 0.001505
305000 0.001054
306000 0.001072
307000 0.001067
308000 0.00106
309000 0.001045
310000 0.001053
311000 0.001073
312000 0.001142
313000 0.001318
314000 0.001089
315000 0.001092
316000 0.001095
317000 0.001106
318000 0.001135
319000 0.001088
320000 0.001212
321000 0.001561
322000 0.001095
323000 0.001119
324000 0.001427
325000 0.00164
326000 0.001256
327000 0.001113
328000 0.001114
329000 0.001143
330000 0.001131
331000 0.001464
332000 0.001468
333000 0.001267
334000 0.00115
335000 0.00248
336000 0.001159
337000 0.001191
338000 0.001251
339000 0.001178
340000 0.001176
341000 0.001194
342000 0.001171
343000 0.001248
344000 0.001183
345000 0.001186
346000 0.001175
347000 0.001195
348000 0.001356
349000 0.001534
350000 0.001206
351000 0.001229
352000 0.001226
353000 0.001202
354000 0.001664
355000 0.00138
356000 0.001211
357000 0.001367
358000 0.001245
359000 0.001266
360000 0.001265
361000 0.001314
362000 0.001249
363000 0.001271
364000 0.001274
365000 0.001252
366000 0.001279
367000 0.001242
368000 0.001321
369000 0.001271
370000 0.001287
371000 0.001347
372000 0.001345
373000 0.001557
374000 0.001286
375000 0.001366
376000 0.001296
377000 0.001313
378000 0.001317
379000 0.001431
380000 0.001346
381000 0.001322
382000 0.00157
383000 0.001335
384000 0.001323
385000 0.001424
386000 0.001527
387000 0.001355
388000 0.001361
389000 0.001567
390000 0.001731
391000 0.001331
392000 0.001378
393000 0.001382
394000 0.001571
395000 0.001354
396000 0.001387
397000 0.001606
398000 0.001363
399000 0.001405
400000 0.001387
401000 0.00207
402000 0.00152
403000 0.001433
404000 0.002048
405000 0.001397
406000 0.001426
407000 0.001398
408000 0.001397
409000 0.00141
410000 0.001806
411000 0.001543
412000 0.00171
413000 0.001454
414000 0.001414
415000 0.001865
416000 0.00143
417000 0.001411
418000 0.00149
419000 0.001448
420000 0.001455
421000 0.001448
422000 0.001567
423000 0.001503
424000 0.001866
425000 0.001481
426000 0.001474
427000 0.001522
428000 0.001485
429000 0.001471
430000 0.001509
431000 0.001473
432000 0.001697
433000 0.001485
434000 0.001508
435000 0.002181
436000 0.001519
437000 0.001514
438000 0.001508
439000 0.001509
440000 0.0015
441000 0.001501
442000 0.001542
443000 0.001541
444000 0.001528
445000 0.0015
446000 0.001509
447000 0.001553
448000 0.001524
449000 0.001542
450000 0.001543
451000 0.00157
452000 0.002
453000 0.001645
454000 0.001551
455000 0.001554
456000 0.001642
457000 0.001572
458000 0.001577
459000 0.001594
460000 0.00158
461000 0.001645
462000 0.001602
463000 0.001581
464000 0.001655
465000 0.001591
466000 0.001607
467000 0.001632
468000 0.001617
469000 0.001621
470000 0.001609
471000 0.001618
472000 0.00216
473000 0.001623
474000 0.001635
475000 0.001652
476000 0.001667
477000 0.001771
478000 0.00167
479000 0.001695
480000 0.002113
481000 0.001652
482000 0.001677
483000 0.003968
484000 0.001698
485000 0.001645
486000 0.001685
487000 0.002219
488000 0.001694
489000 0.001694
490000 0.001693
491000 0.001689
492000 0.001684
493000 0.001727
494000 0.001691
495000 0.001723
496000 0.001691
497000 0.001768
498000 0.001705
499000 0.001708
500000 0.001743
501000 0.001734
502000 0.00182
503000 0.001908
504000 0.001713
505000 0.001726
506000 0.001766
507000 0.001753
508000 0.001767
509000 0.002259
510000 0.001726
511000 0.002332
512000 0.001732
513000 0.001821
514000 0.001839
515000 0.001753
516000 0.001809
517000 0.001793
518000 0.002678
519000 0.001945
520000 0.001797
521000 0.001887
522000 0.001776
523000 0.001822
524000 0.001892
525000 0.001868
526000 0.001831
527000 0.001834
528000 0.001831
529000 0.00191
530000 0.001827
531000 0.001832
532000 0.001916
533000 0.001875
534000 0.001828
535000 0.00195
536000 0.001812
537000 0.001892
538000 0.001818
539000 0.001886
540000 0.001856
541000 0.001865
542000 0.002669
543000 0.001911
544000 0.00193
545000 0.001892
546000 0.001891
547000 0.001891
548000 0.00192
549000 0.002273
550000 0.001893
551000 0.002225
552000 0.001927
553000 0.001901
554000 0.001923
555000 0.001998
556000 0.001972
557000 0.001919
558000 0.002074
559000 0.001946
560000 0.001923
561000 0.001905
562000 0.001952
563000 0.001922
564000 0.001948
565000 0.002029
566000 0.001929
567000 0.001939
568000 0.001954
569000 0.001989
570000 0.001969
571000 0.002176
572000 0.001959
573000 0.001997
574000 0.001948
575000 0.002033
576000 0.002005
577000 0.001994
578000 0.00201
579000 0.002498
580000 0.002011
581000 0.002264
582000 0.00198
583000 0.002023
584000 0.002005
585000 0.001994
586000 0.002028
587000 0.002009
588000 0.002041
589000 0.002022
590000 0.002035
591000 0.002146
592000 0.002643
593000 0.002062
594000 0.002084
595000 0.00218
596000 0.002125
597000 0.002394
598000 0.002087
599000 0.002103
600000 0.002086
601000 0.002094
602000 0.002121
603000 0.002292
604000 0.002085
605000 0.00225
606000 0.002257
607000 0.002125
608000 0.002108
609000 0.002075
610000 0.002131
611000 0.002189
612000 0.002097
613000 0.002697
614000 0.002125
615000 0.002173
616000 0.002121
617000 0.002107
618000 0.002165
619000 0.002132
620000 0.00212
621000 0.002113
622000 0.002147
623000 0.002195
624000 0.002168
625000 0.002172
626000 0.002133
627000 0.002364
628000 0.003145
629000 0.002142
630000 0.002171
631000 0.00218
632000 0.002157
633000 0.002206
634000 0.002446
635000 0.002187
636000 0.003189
637000 0.00217
638000 0.002545
639000 0.002223
640000 0.002209
641000 0.002209
642000 0.002189
643000 0.002247
644000 0.002212
645000 0.003084
646000 0.002229
647000 0.002221
648000 0.002349
649000 0.002216
650000 0.002246
651000 0.002228
652000 0.003076
653000 0.002258
654000 0.002424
655000 0.002276
656000 0.002264
657000 0.002272
658000 0.002273
659000 0.003648
660000 0.002339
661000 0.002285
662000 0.002362
663000 0.002264
664000 0.002396
665000 0.002252
666000 0.00229
667000 0.003118
668000 0.002317
669000 0.003413
670000 0.002309
671000 0.002283
672000 0.002298
673000 0.002289
674000 0.002301
675000 0.002332
676000 0.002404
677000 0.002352
678000 0.002944
679000 0.002408
680000 0.002534
681000 0.00231
682000 0.002373
683000 0.003
684000 0.00273
685000 0.002429
686000 0.002932
687000 0.002423
688000 0.002387
689000 0.002379
690000 0.00365
691000 0.002404
692000 0.002416
693000 0.003376
694000 0.002483
695000 0.00236
696000 0.002519
697000 0.002389
698000 0.002463
699000 0.002544
700000 0.002366
701000 0.002926
702000 0.002395
703000 0.00241
704000 0.002547
705000 0.00242
706000 0.002412
707000 0.002421
708000 0.00244
709000 0.002563
710000 0.002725
711000 0.002536
712000 0.002549
713000 0.00244
714000 0.002722
715000 0.002458
716000 0.002493
717000 0.002499
718000 0.002495
719000 0.002439
720000 0.002476
721000 0.003134
722000 0.002807
723000 0.002763
724000 0.002489
725000 0.003479
726000 0.002507
727000 0.002558
728000 0.002561
729000 0.002761
730000 0.002737
731000 0.002491
732000 0.003124
733000 0.002528
734000 0.002536
735000 0.003419
736000 0.002541
737000 0.002642
738000 0.002616
739000 0.002536
740000 0.005369
741000 0.002736
742000 0.002568
743000 0.002582
744000 0.002592
745000 0.002592
746000 0.002698
747000 0.002613
748000 0.002639
749000 0.002626
750000 0.002631
751000 0.00261
752000 0.002548
753000 0.003096
754000 0.002888
755000 0.003095
756000 0.002683
757000 0.002618
758000 0.002621
759000 0.003337
760000 0.002666
761000 0.002649
762000 0.002608
763000 0.002627
764000 0.002868
765000 0.002714
766000 0.002879
767000 0.002664
768000 0.002628
769000 0.002644
770000 0.003272
771000 0.002878
772000 0.002653
773000 0.002691
774000 0.002676
775000 0.002679
776000 0.002671
777000 0.002895
778000 0.00279
779000 0.002688
780000 0.00425
781000 0.002922
782000 0.002682
783000 0.002723
784000 0.002789
785000 0.002788
786000 0.003396
787000 0.003079
788000 0.003209
789000 0.002695
790000 0.002678
791000 0.002713
792000 0.00348
793000 0.003465
794000 0.002776
795000 0.00277
796000 0.003524
797000 0.002983
798000 0.002777
799000 0.002803
800000 0.00278
801000 0.002888
802000 0.002888
803000 0.004053
804000 0.002827
805000 0.003891
806000 0.003924
807000 0.002777
808000 0.002847
809000 0.002937
810000 0.002932
811000 0.003112
812000 0.002841
813000 0.002855
814000 0.002789
815000 0.002832
816000 0.002935
817000 0.002815
818000 0.002806
819000 0.002817
820000 0.002999
821000 0.00295
822000 0.00305
823000 0.002813
824000 0.003302
825000 0.002863
826000 0.003164
827000 0.002896
828000 0.003517
829000 0.002983
830000 0.002878
831000 0.00286
832000 0.002906
833000 0.002866
834000 0.002884
835000 0.002874
836000 0.003032
837000 0.002964
838000 0.003142
839000 0.003223
840000 0.00299
841000 0.002938
842000 0.002925
843000 0.002934
844000 0.002944
845000 0.002865
846000 0.003291
847000 0.002925
848000 0.003136
849000 0.003008
850000 0.002937
851000 0.00302
852000 0.002943
853000 0.002999
854000 0.00292
855000 0.002936
856000 0.003009
857000 0.003005
858000 0.002993
859000 0.003001
860000 0.00294
861000 0.002943
862000 0.003227
863000 0.002965
864000 0.003056
865000 0.003487
866000 0.002993
867000 0.003477
868000 0.003294
869000 0.003171
870000 0.003015
871000 0.003278
872000 0.003076
873000 0.003619
874000 0.003044
875000 0.003967
876000 0.003073
877000 0.003113
878000 0.003095
879000 0.003103
880000 0.003097
881000 0.003091
882000 0.003052
883000 0.003154
884000 0.003093
885000 0.003259
886000 0.003059
887000 0.004448
888000 0.003161
889000 0.003304
890000 0.003128
891000 0.003211
892000 0.003178
893000 0.003111
894000 0.003091
895000 0.003124
896000 0.003706
897000 0.003067
898000 0.003251
899000 0.003105
900000 0.003154
901000 0.00313
902000 0.003101
903000 0.003124
904000 0.003697
905000 0.003231
906000 0.003192
907000 0.003173
908000 0.003125
909000 0.003302
910000 0.003121
911000 0.003123
912000 0.003261
913000 0.003179
914000 0.003462
915000 0.003127
916000 0.003647
917000 0.003181
918000 0.003204
919000 0.003408
920000 0.003133
921000 0.003145
922000 0.003167
923000 0.003203
924000 0.003178
925000 0.003314
926000 0.003298
927000 0.003189
928000 0.003236
929000 0.0032
930000 0.00319
931000 0.003223
932000 0.003295
933000 0.00333
934000 0.00326
935000 0.003226
936000 0.003281
937000 0.003263
938000 0.003223
939000 0.003226
940000 0.003268
941000 0.003271
942000 0.003241
943000 0.003223
944000 0.003292
945000 0.003253
946000 0.003322
947000 0.003288
948000 0.003313
949000 0.003237
950000 0.003266
951000 0.003291
952000 0.003322
953000 0.003336
954000 0.003305
955000 0.003271
956000 0.003326
957000 0.00347
958000 0.00329
959000 0.003306
960000 0.00349
961000 0.003351
962000 0.003481
963000 0.003417
964000 0.003383
965000 0.00381
966000 0.003346
967000 0.003397
968000 0.003597
969000 0.003308
970000 0.004492
971000 0.003356
972000 0.004339
973000 0.003355
974000 0.003654
975000 0.004464
976000 0.003434
977000 0.004595
978000 0.003489
979000 0.003383
980000 0.003409
981000 0.003764
982000 0.003703
983000 0.003457
984000 0.006833
985000 0.003497
986000 0.00341
987000 0.003527
988000 0.003649
989000 0.003449
990000 0.003443
991000 0.003436
992000 0.003505
993000 0.003608
994000 0.003419
995000 0.003522
996000 0.003436
997000 0.003559
998000 0.003665
999000 0.003591
1000000 0.003792
1001000 0.003864
1002000 0.003663
1003000 0.003457
1004000 0.003594
1005000 0.003671
1006000 0.003506
1007000 0.004931
1008000 0.003504
1009000 0.003669
1010000 0.005157
1011000 0.0037
1012000 0.004414
1013000 0.00353
1014000 0.00368
1015000 0.003537
1016000 0.003652
1017000 0.003487
1018000 0.003502
1019000 0.003654
1020000 0.003606
1021000 0.003598
1022000 0.003607
1023000 0.003496
1024000 0.003485
1025000 0.003494
1026000 0.003674
1027000 0.003535
1028000 0.003874
1029000 0.004657
1030000 0.003627
1031000 0.003577
1032000 0.003617
1033000 0.003649
1034000 0.003564
1035000 0.003555
1036000 0.003622
1037000 0.003585
1038000 0.003567
1039000 0.003584
1040000 0.003572
1041000 0.003837
1042000 0.003775
1043000 0.003591
1044000 0.003811
1045000 0.0037
1046000 0.003607
1047000 0.003634
1048000 0.003607
1049000 0.003617
1050000 0.00361
1051000 0.003657
1052000 0.003644
1053000 0.003638
1054000 0.003692
1055000 0.003629
1056000 0.003648
1057000 0.003627
1058000 0.003649
1059000 0.003588
1060000 0.003852
1061000 0.003742
1062000 0.004691
1063000 0.004118
1064000 0.003675
1065000 0.003609
1066000 0.004745
1067000 0.003717
1068000 0.003794
1069000 0.003698
1070000 0.003684
1071000 0.003932
1072000 0.004091
1073000 0.003721
1074000 0.003775
1075000 0.003677
1076000 0.003752
1077000 0.003776
1078000 0.003696
1079000 0.004163
1080000 0.003773
1081000 0.003764
1082000 0.003729
1083000 0.003753
1084000 0.003745
1085000 0.003742
1086000 0.003749
1087000 0.003755
1088000 0.003784
1089000 0.003767
1090000 0.003812
1091000 0.003765
1092000 0.003743
1093000 0.003792
1094000 0.00378
1095000 0.003775
1096000 0.005028
1097000 0.003874
1098000 0.003793
1099000 0.003769
1100000 0.003863
1101000 0.00378
1102000 0.003758
1103000 0.003783
1104000 0.003774
1105000 0.00383
1106000 0.003744
1107000 0.003804
1108000 0.004036
1109000 0.003819
1110000 0.003852
1111000 0.003791
1112000 0.003812
1113000 0.003818
1114000 0.003815
1115000 0.00383
1116000 0.004495
1117000 0.005822
1118000 0.003887
1119000 0.00393
1120000 0.004187
1121000 0.004187
1122000 0.004385
1123000 0.003966
1124000 0.00392
1125000 0.004122
1126000 0.003923
1127000 0.00387
1128000 0.003883
1129000 0.003922
1130000 0.004008
1131000 0.003892
1132000 0.00425
1133000 0.003958
1134000 0.003926
1135000 0.00401
1136000 0.003902
1137000 0.003979
1138000 0.0039
1139000 0.004337
1140000 0.003928
1141000 0.003948
1142000 0.004164
1143000 0.003952
1144000 0.003955
1145000 0.00393
1146000 0.003984
1147000 0.004027
1148000 0.003959
1149000 0.003914
1150000 0.004055
1151000 0.003985
1152000 0.003968
1153000 0.003993
1154000 0.004848
1155000 0.003973
1156000 0.003947
1157000 0.003964
1158000 0.003967
1159000 0.003981
1160000 0.003981
1161000 0.003989
1162000 0.003991
1163000 0.003986
1164000 0.004034
1165000 0.003974
1166000 0.004005
1167000 0.004001
1168000 0.004108
1169000 0.004036
1170000 0.004023
1171000 0.004017
1172000 0.004058
1173000 0.004072
1174000 0.004027
1175000 0.004069
1176000 0.003952
1177000 0.004066
1178000 0.0041
1179000 0.004056
1180000 0.004065
1181000 0.004051
1182000 0.004068
1183000 0.004056
1184000 0.004076
1185000 0.004075
1186000 0.004031
1187000 0.004119
1188000 0.004378
1189000 0.004097
1190000 0.00407
1191000 0.004306
1192000 0.004109
1193000 0.004085
1194000 0.004089
1195000 0.0041
1196000 0.004103
1197000 0.004122
1198000 0.004057
1199000 0.004109
1200000 0.004115
1201000 0.004125
1202000 0.004125
1203000 0.004131
1204000 0.004139
1205000 0.004136
1206000 0.004155
1207000 0.004141
1208000 0.004186
1209000 0.004143
1210000 0.004152
1211000 0.004192
1212000 0.004166
1213000 0.004183
1214000 0.004161
1215000 0.004185
1216000 0.004199
1217000 0.004218
1218000 0.004207
1219000 0.004191
1220000 0.004175
1221000 0.004214
1222000 0.004197
1223000 0.004201
1224000 0.004177
1225000 0.004206
1226000 0.004273
1227000 0.004202
1228000 0.004221
1229000 0.004189
1230000 0.004384
1231000 0.004227
1232000 0.004213
1233000 0.004199
1234000 0.004243
1235000 0.004203
1236000 0.004842
1237000 0.004245
1238000 0.004247
1239000 0.004249
1240000 0.004279
1241000 0.008587
1242000 0.00423
1243000 0.004238
1244000 0.004264
1245000 0.004269
1246000 0.004279
1247000 0.004317
1248000 0.004314
1249000 0.004259
1250000 0.004309
1251000 0.005414
1252000 0.004471
1253000 0.004314
1254000 0.005466
1255000 0.004296
1256000 0.004356
1257000 0.004318
1258000 0.004377
1259000 0.004318
1260000 0.004285
1261000 0.004342
1262000 0.004371
1263000 0.004419
1264000 0.004386
1265000 0.004618
1266000 0.004355
1267000 0.004351
1268000 0.004365
1269000 0.004301
1270000 0.004405
1271000 0.004372
1272000 0.004367
1273000 0.004405
1274000 0.004572
1275000 0.004403
1276000 0.004938
1277000 0.004701
1278000 0.004576
1279000 0.005718
1280000 0.008893
1281000 0.004474
1282000 0.004379
1283000 0.004599
1284000 0.004534
1285000 0.004393
1286000 0.004461
1287000 0.00444
1288000 0.004423
1289000 0.004451
1290000 0.005685
1291000 0.004431
1292000 0.004469
1293000 0.004441
1294000 0.004431
1295000 0.004454
1296000 0.004471
1297000 0.004483
1298000 0.004515
1299000 0.004493
1300000 0.004548
1301000 0.004484
1302000 0.004533
1303000 0.0045
1304000 0.004444
1305000 0.00447
1306000 0.00448
1307000 0.004514
1308000 0.004483
1309000 0.004503
1310000 0.005012
1311000 0.004642
1312000 0.004669
1313000 0.005407
1314000 0.004503
1315000 0.004545
1316000 0.004505
1317000 0.004597
1318000 0.004521
1319000 0.004585
1320000 0.004867
1321000 0.004571
1322000 0.004541
1323000 0.004546
1324000 0.004632
1325000 0.004694
1326000 0.007044
1327000 0.004603
1328000 0.004595
1329000 0.004631
1330000 0.004543
1331000 0.004663
1332000 0.004569
1333000 0.004605
1334000 0.004625
1335000 0.004592
1336000 0.004703
1337000 0.004594
1338000 0.00454
1339000 0.004597
1340000 0.004607
1341000 0.004652
1342000 0.004631
1343000 0.004617
1344000 0.004832
1345000 0.004727
1346000 0.004595
1347000 0.004612
1348000 0.004621
1349000 0.004619
1350000 0.004634
1351000 0.004637
1352000 0.00463
1353000 0.004634
1354000 0.004639
1355000 0.004615
1356000 0.004683
1357000 0.004678
1358000 0.005978
1359000 0.005988
1360000 0.004659
1361000 0.004664
1362000 0.004748
1363000 0.004732
1364000 0.004708
1365000 0.004693
1366000 0.004651
1367000 0.004823
1368000 0.004739
1369000 0.004752
1370000 0.004838
1371000 0.004711
1372000 0.004737
1373000 0.004681
1374000 0.004711
1375000 0.004832
1376000 0.004717
1377000 0.006526
1378000 0.004793
1379000 0.004723
1380000 0.004756
1381000 0.007631
1382000 0.004755
1383000 0.004759
1384000 0.004748
1385000 0.004818
1386000 0.004697
1387000 0.004734
1388000 0.006386
1389000 0.004748
1390000 0.004784
1391000 0.004775
1392000 0.00484
1393000 0.004851
1394000 0.004882
1395000 0.004839
1396000 0.004799
1397000 0.004773
1398000 0.005326
1399000 0.004791
1400000 0.004794
1401000 0.004816
1402000 0.004823
1403000 0.004822
1404000 0.004885
1405000 0.004826
1406000 0.00489
1407000 0.004822
1408000 0.004886
1409000 0.004834
1410000 0.004982
1411000 0.004861
1412000 0.004911
1413000 0.004883
1414000 0.00496
1415000 0.004866
1416000 0.004912
1417000 0.004897
1418000 0.004917
1419000 0.005568
1420000 0.004918
1421000 0.004895
1422000 0.005002
1423000 0.004885
1424000 0.005952
1425000 0.004892
1426000 0.004894
1427000 0.004917
1428000 0.004929
1429000 0.004922
1430000 0.004962
1431000 0.004937
1432000 0.004922
1433000 0.004916
1434000 0.004923
1435000 0.00492
1436000 0.004923
1437000 0.004924
1438000 0.004939
1439000 0.004904
1440000 0.005085
1441000 0.004909
1442000 0.006049
1443000 0.004961
1444000 0.004992
1445000 0.004957
1446000 0.004962
1447000 0.004972
1448000 0.006205
1449000 0.00513
1450000 0.004984
1451000 0.004979
1452000 0.004982
1453000 0.005014
1454000 0.004967
1455000 0.005082
1456000 0.004987
1457000 0.005021
1458000 0.005008
1459000 0.005029
1460000 0.005024
1461000 0.005044
1462000 0.005177
1463000 0.005918
1464000 0.005456
1465000 0.005032
1466000 0.005176
1467000 0.005027
1468000 0.005045
1469000 0.005038
1470000 0.005058
1471000 0.00511
1472000 0.005089
1473000 0.005069
1474000 0.005074
1475000 0.005903
1476000 0.005032
1477000 0.005071
1478000 0.005067
1479000 0.005109
1480000 0.005089
1481000 0.005071
1482000 0.005076
1483000 0.005086
1484000 0.005066
1485000 0.005103
1486000 0.005087
1487000 0.005116
1488000 0.005106
1489000 0.005173
1490000 0.005102
1491000 0.005208
1492000 0.005114
1493000 0.005122
1494000 0.005145
1495000 0.005606
1496000 0.005113
1497000 0.005135
1498000 0.00516
1499000 0.005263
1500000 0.005157
1501000 0.005146
1502000 0.005253
1503000 0.005237
1504000 0.005152
1505000 0.005347
1506000 0.005256
1507000 0.005168
1508000 0.005182
1509000 0.005165
1510000 0.005183
1511000 0.005189
1512000 0.005179
1513000 0.005224
1514000 0.005296
1515000 0.005194
1516000 0.005201
1517000 0.005195
1518000 0.005231
1519000 0.00524
1520000 0.005233
1521000 0.005405
1522000 0.005572
1523000 0.005505
1524000 0.005378
1525000 0.005233
1526000 0.005273
1527000 0.005274
1528000 0.005308
1529000 0.005265
1530000 0.005269
1531000 0.005276
1532000 0.005286
1533000 0.005302
1534000 0.005288
1535000 0.005268
1536000 0.005291
1537000 0.005278
1538000 0.005312
1539000 0.005318
1540000 0.005299
1541000 0.005289
1542000 0.005362
1543000 0.005778
1544000 0.005493
1545000 0.005294
1546000 0.005479
1547000 0.00552
1548000 0.005405
1549000 0.005404
1550000 0.00545
1551000 0.005347
1552000 0.005406
1553000 0.005352
1554000 0.005599
1555000 0.005346
1556000 0.005626
1557000 0.005386
1558000 0.005536
1559000 0.005513
1560000 0.00541
1561000 0.005437
1562000 0.005447
1563000 0.005549
1564000 0.005534
1565000 0.005426
1566000 0.005831
1567000 0.005386
1568000 0.005834
1569000 0.005434
1570000 0.005428
1571000 0.00541
1572000 0.00541
1573000 0.005422
1574000 0.005396
1575000 0.005414
1576000 0.00551
1577000 0.005511
1578000 0.005444
1579000 0.005435
1580000 0.005561
1581000 0.00551
1582000 0.005509
1583000 0.005445
1584000 0.005424
1585000 0.005448
1586000 0.005464
1587000 0.005454
1588000 0.005467
1589000 0.005644
1590000 0.005493
1591000 0.005466
1592000 0.00545
1593000 0.006221
1594000 0.005614
1595000 0.006166
1596000 0.00553
1597000 0.00572
1598000 0.005678
1599000 0.005629
1600000 0.007767
1601000 0.005683
1602000 0.005528
1603000 0.00557
1604000 0.005605
1605000 0.005631
1606000 0.005603
1607000 0.005516
1608000 0.005724
1609000 0.005579
1610000 0.005566
1611000 0.005562
1612000 0.005797
1613000 0.007009
1614000 0.005538
1615000 0.005551
1616000 0.007721
1617000 0.005667
1618000 0.006094
1619000 0.005568
1620000 0.005574
1621000 0.005659
1622000 0.005719
1623000 0.005695
1624000 0.005637
1625000 0.006248
1626000 0.005731
1627000 0.006219
1628000 0.005755
1629000 0.0056
1630000 0.005726
1631000 0.005666
1632000 0.006079
1633000 0.005594
1634000 0.005638
1635000 0.00568
1636000 0.005674
1637000 0.005666
1638000 0.005666
1639000 0.005837
1640000 0.005894
1641000 0.006067
1642000 0.00607
1643000 0.005732
1644000 0.006238
1645000 0.005683
1646000 0.005828
1647000 0.005823
1648000 0.005807
1649000 0.005901
1650000 0.005715
1651000 0.005746
1652000 0.00619
1653000 0.006479
1654000 0.005935
1655000 0.005742
1656000 0.005675
1657000 0.006126
1658000 0.006569
1659000 0.005914
1660000 0.006555
1661000 0.005759
1662000 0.006029
1663000 0.005898
1664000 0.005803
1665000 0.005977
1666000 0.005719
1667000 0.005711
1668000 0.005831
1669000 0.005842
1670000 0.005847
1671000 0.005809
1672000 0.006283
1673000 0.006164
1674000 0.005724
1675000 0.00575
1676000 0.005886
1677000 0.006186
1678000 0.006171
1679000 0.005756
1680000 0.005727
1681000 0.005989
1682000 0.005779
1683000 0.005837
1684000 0.006035
1685000 0.005709
1686000 0.005705
1687000 0.006912
1688000 0.005813
1689000 0.005851
1690000 0.005723
1691000 0.005832
1692000 0.005825
1693000 0.005938
1694000 0.005907
1695000 0.006263
1696000 0.005773
1697000 0.005811
1698000 0.005917
1699000 0.005831
1700000 0.005833
1701000 0.005909
1702000 0.005895
1703000 0.005773
1704000 0.006915
1705000 0.005893
1706000 0.006148
1707000 0.005924
1708000 0.006039
1709000 0.005844
1710000 0.006092
1711000 0.005898
1712000 0.005928
1713000 0.005908
1714000 0.005849
1715000 0.006182
1716000 0.00587
1717000 0.006186
1718000 0.005831
1719000 0.005945
1720000 0.005917
1721000 0.00655
1722000 0.007742
1723000 0.005964
1724000 0.006261
1725000 0.006003
1726000 0.006105
1727000 0.006248
1728000 0.006094
1729000 0.006191
1730000 0.006367
1731000 0.006364
1732000 0.006013
1733000 0.005993
1734000 0.005961
1735000 0.006198
1736000 0.005939
1737000 0.005946
1738000 0.00614
1739000 0.006036
1740000 0.007138
1741000 0.006697
1742000 0.006113
1743000 0.006066
1744000 0.006044
1745000 0.00651
1746000 0.006007
1747000 0.007281
1748000 0.006423
1749000 0.005944
1750000 0.006031
1751000 0.006306
1752000 0.005934
1753000 0.006078
1754000 0.006048
1755000 0.006043
1756000 0.006062
1757000 0.00607
1758000 0.006015
1759000 0.012501
1760000 0.006065
1761000 0.006428
1762000 0.006013
1763000 0.006103
1764000 0.00618
1765000 0.006074
1766000 0.006948
1767000 0.00608
1768000 0.006016
1769000 0.006067
1770000 0.006109
1771000 0.00612
1772000 0.007465
1773000 0.006128
1774000 0.006291
1775000 0.006107
1776000 0.006108
1777000 0.006195
1778000 0.006167
1779000 0.006127
1780000 0.006829
1781000 0.006208
1782000 0.006197
1783000 0.006255
1784000 0.006317
1785000 0.006188
1786000 0.006473
1787000 0.006352
1788000 0.006174
1789000 0.00781
1790000 0.006273
1791000 0.00633
1792000 0.006345
1793000 0.006152
1794000 0.006272
1795000 0.006199
1796000 0.006816
1797000 0.009793
1798000 0.007047
1799000 0.006368
1800000 0.010536
1801000 0.006137
1802000 0.006195
1803000 0.006159
1804000 0.006679
1805000 0.006233
1806000 0.006228
1807000 0.006221
1808000 0.006235
1809000 0.006128
1810000 0.007879
1811000 0.006255
1812000 0.006231
1813000 0.00625
1814000 0.00645
1815000 0.00636
1816000 0.00624
1817000 0.006292
1818000 0.006264
1819000 0.006157
1820000 0.006197
1821000 0.00686
1822000 0.006263
1823000 0.006177
1824000 0.006969
1825000 0.006234
1826000 0.00618
1827000 0.006306
1828000 0.006206
1829000 0.006291
1830000 0.006315
1831000 0.006368
1832000 0.006396
1833000 0.006276
1834000 0.006332
1835000 0.006304
1836000 0.006284
1837000 0.006343
1838000 0.006329
1839000 0.006324
1840000 0.006353
1841000 0.008297
1842000 0.006489
1843000 0.006344
1844000 0.006539
1845000 0.006371
1846000 0.006353
1847000 0.006368
1848000 0.006362
1849000 0.006339
1850000 0.006314
1851000 0.006335
1852000 0.006351
1853000 0.006345
1854000 0.006371
1855000 0.006387
1856000 0.006405
1857000 0.007218
1858000 0.006728
1859000 0.006383
1860000 0.006561
1861000 0.007097
1862000 0.006456
1863000 0.006384
1864000 0.006401
1865000 0.008095
1866000 0.006417
1867000 0.00642
1868000 0.006403
1869000 0.006362
1870000 0.006416
1871000 0.006443
1872000 0.00675
1873000 0.006519
1874000 0.006542
1875000 0.006492
1876000 0.006511
1877000 0.006454
1878000 0.006578
1879000 0.006485
1880000 0.007028
1881000 0.007205
1882000 0.006711
1883000 0.006451
1884000 0.006478
1885000 0.006487
1886000 0.00645
1887000 0.00649
1888000 0.00649
1889000 0.006498
1890000 0.00644
1891000 0.006651
1892000 0.00657
1893000 0.006484
1894000 0.006755
1895000 0.006494
1896000 0.006573
1897000 0.006535
1898000 0.006564
1899000 0.006526
1900000 0.006478
1901000 0.006511
1902000 0.007031
1903000 0.006538
1904000 0.006963
1905000 0.006562
1906000 0.007162
1907000 0.006546
1908000 0.006534
1909000 0.008416
1910000 0.006514
1911000 0.006593
1912000 0.006773
1913000 0.006662
1914000 0.006563
1915000 0.006556
1916000 0.006584
1917000 0.00656
1918000 0.006566
1919000 0.00664
1920000 0.006525
1921000 0.006569
1922000 0.006582
1923000 0.006594
1924000 0.006567
1925000 0.006614
1926000 0.006606
1927000 0.006607
1928000 0.006591
1929000 0.006632
1930000 0.006632
1931000 0.006636
1932000 0.006623
1933000 0.006651
1934000 0.006622
1935000 0.006695
1936000 0.006628
1937000 0.006666
1938000 0.006555
1939000 0.006667
1940000 0.006656
1941000 0.006646
1942000 0.006657
1943000 0.008451
1944000 0.006593
1945000 0.006695
1946000 0.007487
1947000 0.006672
1948000 0.006684
1949000 0.006722
1950000 0.006602
1951000 0.006616
1952000 0.007207
1953000 0.006721
1954000 0.006705
1955000 0.006715
1956000 0.00674
1957000 0.006641
1958000 0.006687
1959000 0.006645
1960000 0.006645
1961000 0.006986
1962000 0.008596
1963000 0.006695
1964000 0.006658
1965000 0.006707
1966000 0.006652
1967000 0.006662
1968000 0.00668
1969000 0.006663
1970000 0.006807
1971000 0.021081
1972000 0.006692
1973000 0.00739
1974000 0.006683
1975000 0.006706
1976000 0.007179
1977000 0.006807
1978000 0.0067
1979000 0.006704
1980000 0.0067
1981000 0.006708
1982000 0.006712
1983000 0.006809
1984000 0.006804
1985000 0.00683
1986000 0.006805
1987000 0.006822
1988000 0.006797
1989000 0.006766
1990000 0.006822
1991000 0.006834
1992000 0.006848
1993000 0.006837
1994000 0.006848
1995000 0.007524
1996000 0.006874
1997000 0.00691
1998000 0.006843
1999000 0.006846
2000000 0.006882
2001000 0.006856
2002000 0.006956
2003000 0.006871
2004000 0.006858
2005000 0.0069
2006000 0.007792
2007000 0.006875
2008000 0.006895
2009000 0.006917
2010000 0.006892
2011000 0.006954
2012000 0.006908
2013000 0.006892
2014000 0.007575
2015000 0.006932
2016000 0.006909
2017000 0.006898
2018000 0.006913
2019000 0.006926
2020000 0.006916
2021000 0.006914
2022000 0.007086
2023000 0.00707
2024000 0.006951
2025000 0.007023
2026000 0.00693
2027000 0.007075
2028000 0.007033
2029000 0.006968
2030000 0.006957
2031000 0.007282
2032000 0.006955
2033000 0.007131
2034000 0.006964
2035000 0.00689
2036000 0.006962
2037000 0.007078
2038000 0.006987
2039000 0.007548
2040000 0.007067
2041000 0.007005
2042000 0.007039
2043000 0.007051
2044000 0.007062
2045000 0.007027
2046000 0.007088
2047000 0.007797
2048000 0.00707
2049000 0.007056
2050000 0.007047
2051000 0.00705
2052000 0.007036
2053000 0.007083
2054000 0.007042
2055000 0.007048
2056000 0.007063
2057000 0.007041
2058000 0.007302
2059000 0.007096
2060000 0.007102
2061000 0.007097
2062000 0.007362
2063000 0.007097
2064000 0.007075
2065000 0.00764
2066000 0.007123
2067000 0.007405
2068000 0.007097
2069000 0.007516
2070000 0.008351
2071000 0.007128
2072000 0.007637
2073000 0.007108
2074000 0.00793
2075000 0.007112
2076000 0.007032
2077000 0.007039
2078000 0.007107
2079000 0.00731
2080000 0.007047
2081000 0.007146
2082000 0.007046
2083000 0.007047
2084000 0.007062
2085000 0.00709
2086000 0.007338
2087000 0.00716
2088000 0.007192
2089000 0.007192
2090000 0.007236
2091000 0.007095
2092000 0.007561
2093000 0.007087
2094000 0.00782
2095000 0.007246
2096000 0.007229
2097000 0.007175
2098000 0.007655
2099000 0.00719
2100000 0.007211
2101000 0.007245
2102000 0.00725
2103000 0.007267
2104000 0.007229
2105000 0.007233
2106000 0.007223
2107000 0.007289
2108000 0.007287
2109000 0.007232
2110000 0.007249
2111000 0.007265
2112000 0.007236
2113000 0.007542
2114000 0.00727
2115000 0.007776
2116000 0.007273
2117000 0.007306
2118000 0.009013
2119000 0.007271
2120000 0.007343
2121000 0.00737
2122000 0.00728
2123000 0.007704
2124000 0.007288
2125000 0.007344
2126000 0.007309
2127000 0.007324
2128000 0.007328
2129000 0.007357
2130000 0.007294
2131000 0.007256
2132000 0.007331
2133000 0.007441
2134000 0.007306
2135000 0.007353
2136000 0.007312
2137000 0.008552
2138000 0.007321
2139000 0.007336
2140000 0.007348
2141000 0.007345
2142000 0.00733
2143000 0.007367
2144000 0.007393
2145000 0.007354
2146000 0.007355
2147000 0.007347
2148000 0.007363
2149000 0.007389
2150000 0.007389
2151000 0.007353
2152000 0.007399
2153000 0.007373
2154000 0.00737
2155000 0.007382
2156000 0.007381
2157000 0.007407
2158000 0.007457
2159000 0.0075
2160000 0.007575
2161000 0.007719
2162000 0.007462
2163000 0.007429
2164000 0.007438
2165000 0.007521
2166000 0.007437
2167000 0.007423
2168000 0.007511
2169000 0.007462
2170000 0.008038
2171000 0.00738
2172000 0.007501
2173000 0.007493
2174000 0.007497
2175000 0.009095
2176000 0.00746
2177000 0.007833
2178000 0.007511
2179000 0.007468
2180000 0.007467
2181000 0.007526
2182000 0.007731
2183000 0.007728
2184000 0.007499
2185000 0.007527
2186000 0.007504
2187000 0.007511
2188000 0.007505
2189000 0.007536
2190000 0.007539
2191000 0.007523
2192000 0.007494
2193000 0.007698
2194000 0.007598
2195000 0.008276
2196000 0.007533
2197000 0.0079
2198000 0.007586
2199000 0.007581
2200000 0.007523
2201000 0.00754
2202000 0.009021
2203000 0.007689
2204000 0.007875
2205000 0.007754
2206000 0.007718
2207000 0.007763
2208000 0.007604
2209000 0.007679
2210000 0.008471
2211000 0.008076
2212000 0.007619
2213000 0.007956
2214000 0.007659
2215000 0.007664
2216000 0.007691
2217000 0.007615
2218000 0.00765
2219000 0.007668
2220000 0.007745
2221000 0.009869
2222000 0.007894
2223000 0.007694
2224000 0.007691
2225000 0.007666
2226000 0.007918
2227000 0.007768
2228000 0.007907
2229000 0.007696
2230000 0.007684
2231000 0.007644
2232000 0.007653
2233000 0.007708
2234000 0.007709
2235000 0.008124
2236000 0.007686
2237000 0.007761
2238000 0.007729
2239000 0.007745
2240000 0.007747
2241000 0.007791
2242000 0.009659
2243000 0.007798
2244000 0.007784
2245000 0.007775
2246000 0.008234
2247000 0.007777
2248000 0.008086
2249000 0.00843
2250000 0.007837
2251000 0.007766
2252000 0.00775
2253000 0.007779
2254000 0.007782
2255000 0.007818
2256000 0.007939
2257000 0.008454
2258000 0.008243
2259000 0.007837
2260000 0.007867
2261000 0.008215
2262000 0.007894
2263000 0.00932
2264000 0.009442
2265000 0.007887
2266000 0.007836
2267000 0.007828
2268000 0.008082
2269000 0.007984
2270000 0.008604
2271000 0.007941
2272000 0.008262
2273000 0.008029
2274000 0.007967
2275000 0.007933
2276000 0.009769
2277000 0.008141
2278000 0.008152
2279000 0.008013
2280000 0.007989
2281000 0.008
2282000 0.012138
2283000 0.008165
2284000 0.007734
2285000 0.007857
2286000 0.00797
2287000 0.009684
2288000 0.007932
2289000 0.00783
2290000 0.007854
2291000 0.007874
2292000 0.007835
2293000 0.007882
2294000 0.007853
2295000 0.007895
2296000 0.007853
2297000 0.007888
2298000 0.007899
2299000 0.007895
2300000 0.007954
2301000 0.007926
2302000 0.007921
2303000 0.00791
2304000 0.008734
2305000 0.007884
2306000 0.007934
2307000 0.007975
2308000 0.007927
2309000 0.007901
2310000 0.007917
2311000 0.007926
2312000 0.007909
2313000 0.007927
2314000 0.008007
2315000 0.007956
2316000 0.00798
2317000 0.007968
2318000 0.007961
2319000 0.007966
2320000 0.00798
2321000 0.007959
2322000 0.007939
2323000 0.007983
2324000 0.007893
2325000 0.0081
2326000 0.00891
2327000 0.007958
2328000 0.007999
2329000 0.008
2330000 0.008886
2331000 0.008077
2332000 0.010266
2333000 0.008081
2334000 0.008014
2335000 0.008285
2336000 0.008047
2337000 0.00835
2338000 0.007974
2339000 0.008114
2340000 0.00806
2341000 0.008072
2342000 0.008016
2343000 0.008127
2344000 0.008016
2345000 0.009038
2346000 0.008224
2347000 0.008236
2348000 0.008127
2349000 0.008161
2350000 0.008048
2351000 0.008148
2352000 0.008039
2353000 0.008319
2354000 0.008441
2355000 0.008329
2356000 0.008535
2357000 0.008106
2358000 0.008222
2359000 0.008473
2360000 0.008271
2361000 0.008931
2362000 0.008393
2363000 0.008205
2364000 0.008521
2365000 0.008181
2366000 0.008276
2367000 0.008188
2368000 0.008167
2369000 0.00811
2370000 0.008162
2371000 0.008214
2372000 0.00814
2373000 0.008253
2374000 0.008197
2375000 0.008434
2376000 0.009018
2377000 0.008357
2378000 0.008259
2379000 0.008248
2380000 0.008193
2381000 0.008256
2382000 0.008169
2383000 0.008167
2384000 0.008182
2385000 0.008172
2386000 0.008304
2387000 0.008302
2388000 0.008216
2389000 0.008605
2390000 0.00832
2391000 0.008471
2392000 0.008236
2393000 0.012526
2394000 0.008285
2395000 0.008322
2396000 0.008512
2397000 0.008273
2398000 0.009138
2399000 0.008586
2400000 0.008569
2401000 0.008465
2402000 0.008341
2403000 0.008246
2404000 0.008703
2405000 0.008147
2406000 0.00829
2407000 0.008245
2408000 0.008249
2409000 0.008312
2410000 0.008324
2411000 0.008278
2412000 0.00831
2413000 0.008253
2414000 0.008341
2415000 0.008309
2416000 0.008341
2417000 0.010035
2418000 0.008335
2419000 0.008369
2420000 0.008459
2421000 0.008408
2422000 0.008369
2423000 0.008609
2424000 0.008403
2425000 0.008741
2426000 0.008374
2427000 0.008407
2428000 0.008323
2429000 0.008407
2430000 0.008333
2431000 0.008364
2432000 0.008386
2433000 0.008354
2434000 0.008379
2435000 0.008365
2436000 0.008378
2437000 0.008416
2438000 0.008398
2439000 0.008354
2440000 0.008344
2441000 0.008361
2442000 0.00838
2443000 0.008415
2444000 0.008626
2445000 0.008348
2446000 0.008496
2447000 0.00841
2448000 0.008405
2449000 0.008414
2450000 0.008401
2451000 0.008414
2452000 0.008431
2453000 0.008411
2454000 0.008466
2455000 0.008462
2456000 0.011006
2457000 0.008619
2458000 0.008481
2459000 0.008489
2460000 0.010852
2461000 0.008453
2462000 0.008387
2463000 0.008356
2464000 0.008475
2465000 0.00857
2466000 0.008534
2467000 0.008468
2468000 0.008462
2469000 0.008468
2470000 0.008502
2471000 0.008558
2472000 0.008505
2473000 0.008493
2474000 0.0085
2475000 0.008535
2476000 0.008485
2477000 0.008468
2478000 0.008534
2479000 0.008505
2480000 0.008457
2481000 0.008464
2482000 0.008568
2483000 0.008931
2484000 0.008584
2485000 0.008525
2486000 0.00869
2487000 0.008621
2488000 0.008827
2489000 0.00874
2490000 0.008961
2491000 0.009132
2492000 0.008729
2493000 0.008674
2494000 0.008622
2495000 0.008909
2496000 0.008582
2497000 0.00858
2498000 0.008635
2499000 0.008594
2500000 0.008605
2501000 0.009019
2502000 0.008624
2503000 0.008525
2504000 0.009181
2505000 0.008859
2506000 0.008884
2507000 0.008857
2508000 0.008523
2509000 0.008645
2510000 0.008963
2511000 0.008628
2512000 0.009798
2513000 0.009953
2514000 0.008577
2515000 0.008628
2516000 0.008717
2517000 0.008933
2518000 0.008676
2519000 0.008619
2520000 0.008785
2521000 0.008615
2522000 0.008671
2523000 0.008583
2524000 0.008776
2525000 0.00864
2526000 0.008705
2527000 0.008645
2528000 0.008705
2529000 0.008676
2530000 0.00866
2531000 0.00873
2532000 0.008789
2533000 0.008674
2534000 0.00879
2535000 0.008736
2536000 0.008651
2537000 0.008649
2538000 0.008768
2539000 0.008677
2540000 0.008748
2541000 0.008687
2542000 0.008719
2543000 0.008698
2544000 0.008774
2545000 0.008698
2546000 0.008833
2547000 0.008747
2548000 0.008768
2549000 0.008715
2550000 0.008759
2551000 0.011251
2552000 0.00878
2553000 0.008801
2554000 0.00873
2555000 0.008805
2556000 0.008745
2557000 0.008863
2558000 0.008906
2559000 0.008828
2560000 0.008756
2561000 0.008843
2562000 0.008775
2563000 0.008999
2564000 0.008815
2565000 0.008739
2566000 0.008814
2567000 0.008911
2568000 0.008753
2569000 0.008777
2570000 0.008845
2571000 0.00882
2572000 0.008824
2573000 0.008874
2574000 0.008794
2575000 0.00883
2576000 0.008839
2577000 0.008816
2578000 0.010121
2579000 0.00891
2580000 0.00885
2581000 0.008843
2582000 0.008813
2583000 0.008875
2584000 0.008839
2585000 0.008809
2586000 0.0089
2587000 0.008858
2588000 0.00894
2589000 0.008914
2590000 0.008907
2591000 0.008873
2592000 0.008906
2593000 0.008933
2594000 0.008909
2595000 0.008958
2596000 0.008907
2597000 0.00934
2598000 0.008923
2599000 0.008944
2600000 0.008909
2601000 0.009138
2602000 0.008943
2603000 0.008972
2604000 0.008966
2605000 0.00893
2606000 0.008942
2607000 0.008992
2608000 0.008985
2609000 0.00897
2610000 0.008942
2611000 0.008957
2612000 0.008981
2613000 0.008946
2614000 0.008958
2615000 0.008996
2616000 0.009012
2617000 0.009015
2618000 0.008991
2619000 0.00897
2620000 0.008987
2621000 0.008983
2622000 0.008958
2623000 0.00901
2624000 0.009053
2625000 0.009176
2626000 0.009038
2627000 0.009064
2628000 0.009015
2629000 0.009666
2630000 0.009107
2631000 0.009034
2632000 0.009087
2633000 0.011046
2634000 0.009001
2635000 0.009033
2636000 0.009102
2637000 0.009033
2638000 0.009024
2639000 0.009042
2640000 0.00904
2641000 0.009442
2642000 0.009078
2643000 0.009055
2644000 0.008979
2645000 0.009068
2646000 0.009094
2647000 0.009084
2648000 0.009005
2649000 0.009065
2650000 0.009079
2651000 0.009125
2652000 0.00908
2653000 0.009105
2654000 0.009135
2655000 0.009216
2656000 0.009201
2657000 0.009174
2658000 0.009127
2659000 0.009171
2660000 0.009681
2661000 0.009156
2662000 0.009145
2663000 0.009129
2664000 0.009194
2665000 0.009153
2666000 0.009127
2667000 0.009213
2668000 0.009192
2669000 0.009159
2670000 0.009241
2671000 0.009189
2672000 0.009218
2673000 0.009072
2674000 0.009176
2675000 0.009519
2676000 0.010422
2677000 0.009085
2678000 0.009155
2679000 0.009396
2680000 0.009252
2681000 0.009286
2682000 0.00924
2683000 0.00926
2684000 0.009245
2685000 0.009259
2686000 0.009105
2687000 0.009276
2688000 0.009225
2689000 0.009237
2690000 0.009221
2691000 0.009251
2692000 0.009294
2693000 0.009336
2694000 0.009245
2695000 0.00923
2696000 0.00923
2697000 0.009209
2698000 0.009267
2699000 0.00928
2700000 0.00918
2701000 0.009329
2702000 0.009286
2703000 0.009279
2704000 0.009275
2705000 0.009201
2706000 0.009282
2707000 0.009726
2708000 0.009171
2709000 0.010658
2710000 0.009299
2711000 0.009453
2712000 0.009304
2713000 0.009312
2714000 0.009311
2715000 0.009313
2716000 0.009309
2717000 0.009315
2718000 0.009313
2719000 0.009332
2720000 0.009542
2721000 0.009558
2722000 0.009328
2723000 0.009217
2724000 0.009231
2725000 0.00922
2726000 0.010092
2727000 0.009349
2728000 0.009229
2729000 0.009384
2730000 0.00924
2731000 0.010634
2732000 0.009482
2733000 0.009274
2734000 0.009686
2735000 0.010911
2736000 0.010939
2737000 0.009285
2738000 0.009684
2739000 0.00936
2740000 0.009463
2741000 0.009478
2742000 0.009308
2743000 0.009602
2744000 0.009692
2745000 0.009645
2746000 0.009468
2747000 0.00951
2748000 0.009618
2749000 0.009524
2750000 0.009468
2751000 0.00935
2752000 0.009743
2753000 0.009475
2754000 0.009567
2755000 0.009438
2756000 0.00935
2757000 0.009448
2758000 0.0095
2759000 0.009443
2760000 0.009343
2761000 0.009343
2762000 0.009358
2763000 0.009465
2764000 0.010175
2765000 0.009756
2766000 0.009488
2767000 0.009809
2768000 0.009499
2769000 0.009541
2770000 0.009375
2771000 0.00938
2772000 0.009476
2773000 0.009512
2774000 0.011234
2775000 0.009498
2776000 0.009841
2777000 0.009613
2778000 0.009585
2779000 0.009427
2780000 0.009563
2781000 0.009547
2782000 0.009419
2783000 0.009423
2784000 0.009603
2785000 0.009545
2786000 0.00955
2787000 0.009444
2788000 0.010036
2789000 0.009567
2790000 0.009446
2791000 0.009887
2792000 0.009569
2793000 0.00945
2794000 0.009584
2795000 0.009586
2796000 0.00959
2797000 0.009599
2798000 0.009582
2799000 0.009656
2800000 0.012099
2801000 0.009597
2802000 0.009624
2803000 0.009644
2804000 0.009787
2805000 0.009504
2806000 0.010328
2807000 0.009826
2808000 0.009505
2809000 0.00952
2810000 0.009509
2811000 0.00952
2812000 0.009518
2813000 0.009536
2814000 0.010316
2815000 0.009768
2816000 0.009696
2817000 0.009914
2818000 0.009652
2819000 0.01126
2820000 0.009643
2821000 0.009686
2822000 0.009649
2823000 0.009724
2824000 0.009712
2825000 0.009684
2826000 0.010227
2827000 0.009795
2828000 0.009574
2829000 0.009876
2830000 0.009681
2831000 0.00974
2832000 0.009796
2833000 0.009592
2834000 0.012138
2835000 0.012375
2836000 0.009715
2837000 0.009809
2838000 0.009655
2839000 0.009758
2840000 0.00991
2841000 0.009751
2842000 0.010508
2843000 0.009761
2844000 0.009624
2845000 0.010061
2846000 0.009649
2847000 0.009764
2848000 0.009799
2849000 0.009729
2850000 0.009861
2851000 0.009931
2852000 0.009678
2853000 0.009864
2854000 0.009805
2855000 0.009757
2856000 0.010769
2857000 0.009821
2858000 0.009837
2859000 0.009801
2860000 0.009858
2861000 0.009782
2862000 0.009703
2863000 0.009785
2864000 0.009727
2865000 0.009691
2866000 0.00984
2867000 0.009824
2868000 0.011303
2869000 0.009772
2870000 0.009707
2871000 0.009841
2872000 0.010182
2873000 0.009717
2874000 0.009863
2875000 0.009749
2876000 0.009739
2877000 0.010071
2878000 0.011219
2879000 0.009966
2880000 0.009883
2881000 0.00988
2882000 0.009914
2883000 0.010008
2884000 0.0098
2885000 0.009896
2886000 0.009777
2887000 0.009936
2888000 0.009812
2889000 0.009913
2890000 0.00994
2891000 0.009915
2892000 0.011208
2893000 0.009922
2894000 0.010314
2895000 0.010108
2896000 0.009884
2897000 0.009937
2898000 0.012791
2899000 0.011466
2900000 0.009952
2901000 0.009836
2902000 0.009851
2903000 0.009912
2904000 0.009929
2905000 0.010346
2906000 0.009888
2907000 0.009969
2908000 0.009842
2909000 0.010449
2910000 0.009989
2911000 0.009871
2912000 0.009876
2913000 0.009876
2914000 0.009861
2915000 0.009881
2916000 0.00998
2917000 0.009879
2918000 0.00988
2919000 0.009897
2920000 0.009887
2921000 0.010002
2922000 0.00989
2923000 0.009883
2924000 0.009904
2925000 0.01089
2926000 0.010021
2927000 0.010138
2928000 0.010039
2929000 0.009915
2930000 0.009933
2931000 0.010914
2932000 0.009935
2933000 0.010053
2934000 0.010179
2935000 0.010036
2936000 0.010075
2937000 0.009943
2938000 0.009953
2939000 0.009951
2940000 0.01036
2941000 0.010077
2942000 0.009969
2943000 0.009978
2944000 0.009985
2945000 0.009959
2946000 0.009964
2947000 0.009981
2948000 0.010114
2949000 0.009983
2950000 0.01011
2951000 0.010813
2952000 0.010113
2953000 0.010004
2954000 0.009995
2955000 0.010119
2956000 0.010021
2957000 0.010152
2958000 0.010268
2959000 0.01015
2960000 0.010144
2961000 0.010147
2962000 0.010185
2963000 0.010025
2964000 0.010219
2965000 0.010051
2966000 0.010483
2967000 0.010155
2968000 0.012732
2969000 0.010286
2970000 0.01018
2971000 0.010192
2972000 0.010219
2973000 0.010221
2974000 0.010273
2975000 0.012222
2976000 0.010235
2977000 0.010279
2978000 0.01033
2979000 0.010261
2980000 0.010274
2981000 0.010228
2982000 0.010302
2983000 0.010261
2984000 0.010233
2985000 0.010274
2986000 0.0103
2987000 0.010271
2988000 0.01023
2989000 0.01029
2990000 0.010286
2991000 0.01033
2992000 0.010636
2993000 0.010239
2994000 0.010264
2995000 0.010298
2996000 0.010282
2997000 0.01029
2998000 0.010313
2999000 0.010293
3000000 0.010299
3001000 0.010325
3002000 0.011119
3003000 0.010282
3004000 0.010447
3005000 0.010355
3006000 0.010179
3007000 0.010357
3008000 0.010309
3009000 0.01029
3010000 0.010283
3011000 0.010366
3012000 0.010326
3013000 0.010297
3014000 0.010337
3015000 0.010327
3016000 0.010342
3017000 0.010345
3018000 0.010354
3019000 0.010426
3020000 0.010345
3021000 0.010569
3022000 0.010381
3023000 0.01048
3024000 0.010375
3025000 0.011329
3026000 0.010677
3027000 0.010245
3028000 0.013178
3029000 0.01025
3030000 0.010289
3031000 0.010387
3032000 0.014802
3033000 0.010402
3034000 0.010412
3035000 0.010415
3036000 0.010326
3037000 0.010396
3038000 0.010402
3039000 0.010313
3040000 0.010566
3041000 0.0103
3042000 0.010294
3043000 0.010427
3044000 0.010446
3045000 0.010447
3046000 0.010448
3047000 0.01032
3048000 0.010321
3049000 0.010509
3050000 0.0105
3051000 0.010457
3052000 0.011716
3053000 0.01044
3054000 0.010484
3055000 0.010447
3056000 0.010516
3057000 0.010476
3058000 0.010529
3059000 0.01068
3060000 0.010543
3061000 0.010506
3062000 0.010475
3063000 0.010845
3064000 0.010503
3065000 0.01149
3066000 0.010547
3067000 0.010511
3068000 0.010544
3069000 0.010539
3070000 0.010496
3071000 0.010522
3072000 0.01114
3073000 0.010569
3074000 0.010538
3075000 0.010543
3076000 0.010525
3077000 0.010571
3078000 0.010532
3079000 0.010592
3080000 0.010549
3081000 0.011672
3082000 0.010529
3083000 0.010623
3084000 0.01142
3085000 0.010569
3086000 0.010569
3087000 0.010613
3088000 0.010652
3089000 0.010608
3090000 0.012079
3091000 0.010604
3092000 0.010591
3093000 0.010622
3094000 0.010655
3095000 0.010609
3096000 0.010598
3097000 0.010671
3098000 0.010687
3099000 0.01063
3100000 0.010617
3101000 0.010631
3102000 0.010633
3103000 0.010642
3104000 0.010645
3105000 0.010604
3106000 0.010648
3107000 0.010655
3108000 0.010659
3109000 0.010654
3110000 0.010721
3111000 0.010681
3112000 0.010704
3113000 0.010684
3114000 0.010679
3115000 0.011333
3116000 0.010743
3117000 0.010702
3118000 0.010758
3119000 0.010695
3120000 0.010752
3121000 0.010696
3122000 0.010718
3123000 0.010741
3124000 0.012292
3125000 0.010706
3126000 0.010735
3127000 0.010774
3128000 0.010724
3129000 0.010746
3130000 0.010729
3131000 0.010726
3132000 0.01074
3133000 0.010745
3134000 0.010805
3135000 0.010717
3136000 0.010754
3137000 0.010755
3138000 0.012169
3139000 0.010733
3140000 0.010779
3141000 0.010817
3142000 0.010777
3143000 0.010765
3144000 0.010872
3145000 0.010778
3146000 0.010839
3147000 0.01083
3148000 0.010854
3149000 0.010817
3150000 0.010812
3151000 0.010826
3152000 0.010804
3153000 0.010824
3154000 0.010813
3155000 0.01391
3156000 0.010989
3157000 0.01394
3158000 0.010826
3159000 0.010856
3160000 0.010701
3161000 0.010842
3162000 0.010753
3163000 0.010794
3164000 0.010906
3165000 0.010788
3166000 0.010887
3167000 0.010894
3168000 0.014791
3169000 0.011003
3170000 0.010977
3171000 0.011168
3172000 0.010904
3173000 0.010966
3174000 0.010959
3175000 0.010894
3176000 0.01091
3177000 0.013071
3178000 0.011107
3179000 0.010907
3180000 0.010853
3181000 0.014748
3182000 0.010904
3183000 0.010852
3184000 0.010848
3185000 0.010858
3186000 0.010861
3187000 0.010941
3188000 0.010919
3189000 0.010938
3190000 0.010887
3191000 0.010962
3192000 0.010994
3193000 0.010939
3194000 0.010939
3195000 0.010954
3196000 0.010984
3197000 0.010951
3198000 0.01101
3199000 0.011314
3200000 0.010975
3201000 0.010996
3202000 0.010987
3203000 0.011338
3204000 0.010978
3205000 0.010911
3206000 0.011001
3207000 0.01102
3208000 0.010924
3209000 0.011024
3210000 0.010941
3211000 0.011069
3212000 0.011023
3213000 0.011083
3214000 0.011022
3215000 0.011002
3216000 0.010889
3217000 0.011255
3218000 0.011042
3219000 0.011032
3220000 0.011072
3221000 0.011039
3222000 0.011103
3223000 0.011036
3224000 0.011046
3225000 0.011029
3226000 0.01105
3227000 0.010997
3228000 0.011056
3229000 0.011005
3230000 0.011918
3231000 0.011079
3232000 0.011037
3233000 0.01109
3234000 0.01103
3235000 0.011087
3236000 0.01103
3237000 0.011093
3238000 0.011043
3239000 0.011096
3240000 0.011335
3241000 0.011108
3242000 0.011126
3243000 0.011141
3244000 0.011163
3245000 0.011122
3246000 0.011172
3247000 0.011152
3248000 0.011166
3249000 0.011127
3250000 0.011154
3251000 0.011149
3252000 0.011172
3253000 0.011167
3254000 0.011162
3255000 0.011187
3256000 0.011201
3257000 0.011177
3258000 0.012285
3259000 0.011171
3260000 0.011161
3261000 0.011229
3262000 0.011174
3263000 0.011148
3264000 0.011211
3265000 0.011227
3266000 0.011172
3267000 0.011205
3268000 0.011244
3269000 0.014434
3270000 0.01126
3271000 0.011224
3272000 0.011249
3273000 0.012012
3274000 0.011251
3275000 0.011265
3276000 0.011276
3277000 0.011225
3278000 0.011176
3279000 0.011233
3280000 0.011237
3281000 0.011462
3282000 0.011269
3283000 0.011282
3284000 0.011249
3285000 0.011119
3286000 0.011127
3287000 0.011127
3288000 0.011383
3289000 0.011141
3290000 0.011282
3291000 0.011125
3292000 0.011284
3293000 0.011526
3294000 0.011431
3295000 0.011311
3296000 0.011171
3297000 0.011156
3298000 0.011279
3299000 0.011285
3300000 0.011322
3301000 0.011311
3302000 0.011357
3303000 0.011337
3304000 0.011354
