2 1e-06
6 2e-06
12 1e-06
20 2e-06
30 2e-06
42 3e-06
56 5e-06
72 6e-06
90 6e-06
110 4e-06
132 5e-06
156 9e-06
182 1.1e-05
210 8e-06
240 9e-06
272 1.5e-05
306 1.7e-05
342 1.9e-05
380 2.2e-05
420 2.1e-05
462 2.4e-05
506 2.6e-05
552 4.1e-05
600 3.7e-05
650 3.4e-05
702 3.7e-05
756 2.7e-05
812 4.7e-05
870 3.1e-05
930 3.2e-05
992 5.2e-05
1056 3.7e-05
1122 5.9e-05
1190 4.2e-05
1260 4.4e-05
1332 4.7e-05
1406 7.3e-05
1482 7.7e-05
1560 8.1e-05
1640 9.1e-05
1722 8.9e-05
1806 9.3e-05
1892 9.9e-05
1980 6.9e-05
2070 7e-05
2162 0.000128
2256 0.000119
2352 0.000135
2450 8.5e-05
2550 0.000105
2652 0.000139
2756 0.000143
2862 0.000149
2970 0.000109
3080 0.000159
3192 0.000166
3306 0.000173
3422 0.000179
3540 0.000178
3660 0.000197
3782 0.000132
3906 0.000132
4032 0.000136
4160 0.000145
4290 0.000227
4422 0.000155
4556 0.000161
4692 0.00016
4830 0.00017
4970 0.000174
5112 0.000178
5256 0.000185
5402 0.0002
5550 0.000197
5700 0.000205
5852 0.000307
6006 0.000282
6162 0.000376
6320 0.00033
6480 0.000346
6642 0.000234
6806 0.000369
6972 0.000366
7140 0.000359
7310 0.0004
7482 0.00042
7656 0.00042
7832 0.000407
8010 0.000416
8190 0.000281
8372 0.000613
8556 0.00029
8742 0.000441
8930 0.000314
9120 0.000689
9312 0.000502
9506 0.000758
9702 0.00057
9900 0.000536
10100 0.000339
10302 0.000506
10506 0.000377
10712 0.000589
10920 0.000577
11130 0.000587
11342 0.000397
11556 0.000633
11772 0.000794
11990 0.000641
12210 0.00085
12432 0.000664
12656 0.000685
12882 0.000691
13110 0.000693
13340 0.000669
13572 0.000725
13806 0.000488
14042 0.000739
14280 0.000709
14520 0.000769
14762 0.000789
15006 0.00079
15252 0.000816
15500 0.000806
15750 0.000814
16002 0.000838
16256 0.000932
16512 0.000824
16770 0.000925
17030 0.000585
17292 0.000588
17556 0.000912
17822 0.000922
18090 0.001202
18360 0.001313
18632 0.001365
18906 0.000639
19182 0.001031
19460 0.00152
19740 0.001383
20022 0.001611
20306 0.001363
20592 0.000737
20880 0.000741
21170 0.000776
21462 0.002308
21756 0.000776
22052 0.000772
22350 0.001856
22650 0.001529
22952 0.001307
23256 0.00122
23562 0.000831
23870 0.001273
24180 0.001909
24492 0.001943
24806 0.001476
25122 0.000854
25440 0.002038
25760 0.001436
26082 0.00138
26406 0.000948
26732 0.002064
27060 0.002111
27390 0.001459
27722 0.001462
28056 0.001465
28392 0.001558
28730 0.002199
29070 0.001798
29412 0.001044
29756 0.001569
30102 0.001067
30450 0.001087
30800 0.001583
31152 0.001643
31506 0.001706
31862 0.002169
32220 0.001619
32580 0.002569
32942 0.002153
33306 0.001173
33672 0.001789
34040 0.001695
34410 0.0018
34782 0.001853
35156 0.001291
35532 0.003141
35910 0.001231
36290 0.002528
36672 0.00132
37056 0.00129
37442 0.00204
37830 0.002721
38220 0.001287
38612 0.002017
39006 0.001356
39402 0.002489
39800 0.002957
40200 0.00285
40602 0.002137
41006 0.003235
41412 0.00222
41820 0.001623
42230 0.003129
42642 0.002165
43056 0.001618
43472 0.002281
43890 0.00168
44310 0.00166
44732 0.003194
45156 0.002289
45582 0.003544
46010 0.002414
46440 0.002522
46872 0.001679
47306 0.002271
47742 0.003419
48180 0.00255
48620 0.003561
49062 0.001644
49506 0.001831
49952 0.002649
50400 0.001865
50850 0.002814
51302 0.002811
51756 0.002763
52212 0.001853
52670 0.003679
53130 0.002014
53592 0.002755
54056 0.002821
54522 0.003271
54990 0.00197
55460 0.00312
55932 0.003935
56406 0.003983
56882 0.003713
57360 0.002039
57840 0.004158
58322 0.00207
58806 0.002198
59292 0.002293
59780 0.003433
60270 0.002152
60762 0.002386
61256 0.00208
61752 0.00551
62250 0.003333
62750 0.002886
63252 0.004441
63756 0.003423
64262 0.002592
64770 0.003844
65280 0.005134
65792 0.00364
66306 0.003546
66822 0.002392
67340 0.002461
67860 0.002413
68382 0.004838
68906 0.002568
69432 0.002385
69960 0.003796
70490 0.002418
71022 0.003118
71556 0.002485
72092 0.004423
72630 0.00383
73170 0.005824
73712 0.003934
74256 0.003439
74802 0.002705
75350 0.002724
75900 0.005755
76452 0.005378
77006 0.00494
77562 0.002589
78120 0.005509
78680 0.003215
79242 0.004951
79806 0.005686
80372 0.003022
80940 0.004863
81510 0.006718
82082 0.005298
82656 0.004723
83232 0.00455
83810 0.004178
84390 0.003146
84972 0.004552
85556 0.004508
86142 0.003028
86730 0.005544
87320 0.005878
87912 0.003973
88506 0.006192
89102 0.005527
89700 0.003987
90300 0.005608
90902 0.005026
91506 0.003063
92112 0.003318
92720 0.003188
93330 0.006532
93942 0.003136
94556 0.006005
95172 0.003447
95790 0.006925
96410 0.003618
97032 0.003523
97656 0.003596
98282 0.005606
98910 0.00474
99540 0.003477
100172 0.003479
100806 0.003629
101442 0.003678
102080 0.003735
102720 0.00375
103362 0.005889
104006 0.007379
104652 0.005764
105300 0.005425
105950 0.007312
106602 0.007705
107256 0.007666
107912 0.003673
108570 0.003852
109230 0.007778
109892 0.007869
110556 0.007383
111222 0.006208
111890 0.00404
112560 0.003947
113232 0.004192
113906 0.005347
114582 0.006567
115260 0.005654
115940 0.00901
116622 0.005147
117306 0.007539
117992 0.006522
118680 0.004065
119370 0.004929
120062 0.006494
120756 0.006919
121452 0.005794
122150 0.00731
122850 0.006875
123552 0.0081
124256 0.009154
124962 0.008503
125670 0.008006
126380 0.010258
127092 0.00619
127806 0.004695
128522 0.007883
129240 0.009083
129960 0.007334
130682 0.004639
131406 0.004922
132132 0.007466
132860 0.007933
133590 0.00901
134322 0.006972
135056 0.007394
135792 0.008674
136530 0.006673
137270 0.011046
138012 0.010236
138756 0.004658
139502 0.007789
140250 0.005339
141000 0.007517
141752 0.007675
142506 0.008101
143262 0.005389
144020 0.006081
144780 0.009522
145542 0.009636
146306 0.00533
147072 0.007918
147840 0.009513
148610 0.005202
149382 0.005371
150156 0.005433
150932 0.008913
151710 0.005462
152490 0.005471
153272 0.008468
154056 0.009272
154842 0.005925
155630 0.005837
156420 0.005667
157212 0.005799
158006 0.006502
158802 0.010045
159600 0.005714
160400 0.005832
161202 0.006284
162006 0.008427
162812 0.009085
163620 0.005899
164430 0.007073
165242 0.009933
166056 0.005709
166872 0.006151
167690 0.009062
168510 0.009489
169332 0.006356
170156 0.006243
170982 0.006148
171810 0.006309
172640 0.006004
173472 0.00745
174306 0.007332
175142 0.009335
175980 0.006068
176820 0.006558
177662 0.006929
178506 0.006686
179352 0.006898
180200 0.006642
181050 0.006484
181902 0.01133
182756 0.008198
183612 0.006382
184470 0.006509
185330 0.010688
186192 0.010891
187056 0.010243
187922 0.008406
188790 0.009313
189660 0.006438
190532 0.007406
191406 0.009544
192282 0.006874
193160 0.006871
194040 0.006463
194922 0.008627
195806 0.0098
196692 0.009398
197580 0.009364
198470 0.006765
199362 0.009108
200256 0.007169
201152 0.00714
202050 0.007349
202950 0.006796
203852 0.00895
204756 0.007094
205662 0.007538
206570 0.007596
207480 0.012063
208392 0.009523
209306 0.011506
210222 0.008962
211140 0.007251
212060 0.011077
212982 0.007924
213906 0.010508
214832 0.009816
215760 0.013035
216690 0.007828
217622 0.010711
218556 0.010918
219492 0.007513
220430 0.007965
221370 0.010111
222312 0.008004
223256 0.01198
224202 0.012011
225150 0.007642
226100 0.008187
227052 0.012096
228006 0.012806
228962 0.010439
229920 0.011945
230880 0.010929
231842 0.008865
232806 0.008365
233772 0.011853
234740 0.013853
235710 0.009372
236682 0.009968
237656 0.011992
238632 0.009984
239610 0.011441
240590 0.010424
241572 0.012629
242556 0.008852
243542 0.007412
244530 0.011697
245520 0.010699
246512 0.014052
247506 0.00869
248502 0.013937
249500 0.011545
250500 0.012965
