10 8
20 15
30 21
40 24
50 32
60 39
70 46
80 52
90 58
100 64
110 68
120 74
130 80
140 89
150 96
160 103
170 108
180 117
190 122
200 129
210 137
220 144
230 151
240 157
250 164
260 167
270 173
280 182
290 187
300 193
310 200
320 206
330 213
340 220
350 227
360 233
370 239
380 245
390 250
400 258
410 266
420 271
430 278
440 284
450 292
460 298
470 304
480 311
490 318
500 326
510 333
520 339
530 347
540 353
550 360
560 366
570 373
580 379
590 384
600 391
610 397
620 404
630 411
640 419
650 426
660 433
670 439
680 446
690 454
700 460
710 468
720 474
730 480
740 486
750 493
760 499
770 505
780 513
790 521
800 528
810 533
820 541
830 548
840 553
850 561
860 568
870 574
880 582
890 585
900 591
910 598
920 604
930 611
940 615
950 621
960 628
970 636
980 643
990 650
1000 656
1010 661
1020 668
1030 673
1040 681
1050 687
1060 693
1070 702
1080 709
1090 714
1100 722
1110 725
1120 731
1130 738
1140 741
1150 749
1160 754
1170 762
1180 768
1190 773
1200 780
1210 787
1220 792
1230 798
1240 803
1250 811
1260 815
1270 822
1280 827
1290 832
1300 838
1310 845
1320 852
1330 859
1340 866
1350 872
1360 880
1370 886
1380 893
1390 901
1400 910
1410 916
1420 920
1430 928
1440 935
1450 941
1460 946
1470 952
1480 957
1490 964
1500 971
1510 977
1520 985
1530 992
1540 999
1550 1005
1560 1010
1570 1016
1580 1022
1590 1029
1600 1034
1610 1040
1620 1046
1630 1053
1640 1059
1650 1065
1660 1072
1670 1079
1680 1086
1690 1091
1700 1098
1710 1104
1720 1110
1730 1116
1740 1123
1750 1130
1760 1136
1770 1143
1780 1146
1790 1152
1800 1158
1810 1166
1820 1174
1830 1181
1840 1188
1850 1194
1860 1201
1870 1209
1880 1217
1890 1222
1900 1229
1910 1234
1920 1241
1930 1246
1940 1252
1950 1259
1960 1265
1970 1272
1980 1279
1990 1285
2000 1292
2010 1298
2020 1306
2030 1315
2040 1321
2050 1329
2060 1336
2070 1342
2080 1349
2090 1355
2100 1362
2110 1369
2120 1374
2130 1381
2140 1388
2150 1395
2160 1401
2170 1408
2180 1414
2190 1419
2200 1425
2210 1433
2220 1438
2230 1445
2240 1449
2250 1458
2260 1466
2270 1474
2280 1482
2290 1489
2300 1496
2310 1501
2320 1508
2330 1515
2340 1523
2350 1530
2360 1536
2370 1544
2380 1552
2390 1558
2400 1566
2410 1573
2420 1581
2430 1587
2440 1594
2450 1601
2460 1607
2470 1613
2480 1620
2490 1625
2500 1628
2510 1637
2520 1643
2530 1651
2540 1658
2550 1662
2560 1668
2570 1675
2580 1681
2590 1691
2600 1698
2610 1704
2620 1712
2630 1719
2640 1727
2650 1735
2660 1739
2670 1746
2680 1753
2690 1759
2700 1765
2710 1771
2720 1778
2730 1783
2740 1789
2750 1798
2760 1804
2770 1809
2780 1817
2790 1823
2800 1829
2810 1835
2820 1842
2830 1849
2840 1857
2850 1862
2860 1867
2870 1875
2880 1882
2890 1888
2900 1894
2910 1899
2920 1905
2930 1914
2940 1919
2950 1926
2960 1931
2970 1938
2980 1945
2990 1951
3000 1955
3010 1961
3020 1969
3030 1977
3040 1984
3050 1990
3060 1994
3070 2002
3080 2009
3090 2016
3100 2025
3110 2029
3120 2036
3130 2042
3140 2047
3150 2052
3160 2059
3170 2064
3180 2071
3190 2077
3200 2082
3210 2089
3220 2092
3230 2099
3240 2103
3250 2109
3260 2115
3270 2122
3280 2129
3290 2136
3300 2143
3310 2150
3320 2156
3330 2162
3340 2170
3350 2177
3360 2184
3370 2190
3380 2197
3390 2189
3400 2197
3410 2203
3420 2207
3430 2213
3440 2219
3450 2223
3460 2231
3470 2235
3480 2240
3490 2245
3500 2252
3510 2260
3520 2268
3530 2274
3540 2280
3550 2286
3560 2293
3570 2299
3580 2306
3590 2312
3600 2318
3610 2323
3620 2329
3630 2338
3640 2345
3650 2350
3660 2358
3670 2362
3680 2369
3690 2376
3700 2382
3710 2390
3720 2397
3730 2403
3740 2407
3750 2414
3760 2420
3770 2425
3780 2432
3790 2438
3800 2444
3810 2452
3820 2458
3830 2466
3840 2473
3850 2480
3860 2486
3870 2491
3880 2497
3890 2503
3900 2510
3910 2515
3920 2523
3930 2530
3940 2537
3950 2544
3960 2549
3970 2556
3980 2562
3990 2568
4000 2575
4010 2580
4020 2584
4030 2589
4040 2594
4050 2600
4060 2605
4070 2612
4080 2620
4090 2627
4100 2633
4110 2640
4120 2647
4130 2654
4140 2661
4150 2668
4160 2675
4170 2680
4180 2685
4190 2691
4200 2697
4210 2702
4220 2709
4230 2716
4240 2722
4250 2726
4260 2733
4270 2738
4280 2746
4290 2752
4300 2759
4310 2765
4320 2771
4330 2780
4340 2785
4350 2792
4360 2798
4370 2804
4380 2811
4390 2817
4400 2823
4410 2827
4420 2833
4430 2840
4440 2845
4450 2851
4460 2858
4470 2863
4480 2871
4490 2878
4500 2883
4510 2889
4520 2896
4530 2902
4540 2907
4550 2914
4560 2920
4570 2927
4580 2932
4590 2939
4600 2946
4610 2954
4620 2961
4630 2965
4640 2974
4650 2981
4660 2989
4670 2992
4680 2998
4690 3004
4700 3011
4710 3018
4720 3023
4730 3030
4740 3034
4750 3041
4760 3048
4770 3056
4780 3062
4790 3069
4800 3076
4810 3081
4820 3090
4830 3097
4840 3104
4850 3111
4860 3118
4870 3126
4880 3130
4890 3136
4900 3144
4910 3148
4920 3156
4930 3163
4940 3171
4950 3176
4960 3183
4970 3190
4980 3196
4990 3203
5000 3212
5010 3216
5020 3223
5030 3229
5040 3235
5050 3243
5060 3250
5070 3258
5080 3265
5090 3270
5100 3275
5110 3282
5120 3288
5130 3296
5140 3303
5150 3309
5160 3315
5170 3323
5180 3330
5190 3336
5200 3342
5210 3350
5220 3356
5230 3363
5240 3370
5250 3376
5260 3384
5270 3391
5280 3398
5290 3403
5300 3410
5310 3416
5320 3421
5330 3427
5340 3433
5350 3441
5360 3448
5370 3455
5380 3462
5390 3468
5400 3474
5410 3481
5420 3488
5430 3496
5440 3502
5450 3509
5460 3513
5470 3519
5480 3524
5490 3531
5500 3537
5510 3545
5520 3552
5530 3557
5540 3564
5550 3569
5560 3573
5570 3580
5580 3603
5590 3609
5600 3616
5610 3622
5620 3627
5630 3632
5640 3638
5650 3644
5660 3650
5670 3657
5680 3665
5690 3672
5700 3678
5710 3684
5720 3690
5730 3696
5740 3701
5750 3707
5760 3715
5770 3722
5780 3728
5790 3734
5800 3738
5810 3745
5820 3750
5830 3757
5840 3762
5850 3769
5860 3775
5870 3783
5880 3789
5890 3793
5900 3801
5910 3807
5920 3810
5930 3818
5940 3825
5950 3830
5960 3839
5970 3845
5980 3851
5990 3858
6000 3864
6010 3869
6020 3877
6030 3883
6040 3891
6050 3898
6060 3904
6070 3911
6080 3916
6090 3924
6100 3931
6110 3938
6120 3942
6130 3949
6140 3956
6150 3961
6160 3966
6170 3972
6180 3981
6190 3988
6200 3995
6210 3999
6220 4006
6230 4013
6240 4020
6250 4028
6260 4035
6270 4065
6280 4071
6290 4077
6300 4083
6310 4090
6320 4096
6330 4101
6340 4107
6350 4113
6360 4120
6370 4127
6380 4134
6390 4140
6400 4148
6410 4155
6420 4164
6430 4169
6440 4176
6450 4182
6460 4188
6470 4195
6480 4201
6490 4207
6500 4214
6510 4219
6520 4224
6530 4232
6540 4237
6550 4247
6560 4255
6570 4261
6580 4269
6590 4275
6600 4284
6610 4290
6620 4295
6630 4303
6640 4311
6650 4316
6660 4320
6670 4326
6680 4332
6690 4339
6700 4344
6710 4351
6720 4359
6730 4364
6740 4371
6750 4378
6760 4384
6770 4392
6780 4400
6790 4407
6800 4415
6810 4420
6820 4426
6830 4433
6840 4441
6850 4448
6860 4456
6870 4463
6880 4442
6890 4448
6900 4455
6910 4465
6920 4472
6930 4482
6940 4488
6950 4494
6960 4501
6970 4506
6980 4512
6990 4519
7000 4524
7010 4532
7020 4539
7030 4545
7040 4550
7050 4556
7060 4564
7070 4570
7080 4577
7090 4584
7100 4592
7110 4597
7120 4604
7130 4611
7140 4619
7150 4627
7160 4634
7170 4640
7180 4647
7190 4656
7200 4661
7210 4667
7220 4674
7230 4679
7240 4686
7250 4693
7260 4700
7270 4705
7280 4713
7290 4720
7300 4727
7310 4733
7320 4740
7330 4750
7340 4757
7350 4765
7360 4771
7370 4778
7380 4784
7390 4790
7400 4797
7410 4804
7420 4810
7430 4817
7440 4824
7450 4831
7460 4838
7470 4843
7480 4849
7490 4854
7500 4862
7510 4869
7520 4875
7530 4881
7540 4888
7550 4894
7560 4901
7570 4906
7580 4914
7590 4921
7600 4926
7610 4934
7620 4940
7630 4947
7640 4953
7650 4959
7660 4966
7670 4973
7680 4979
7690 4985
7700 4990
7710 4997
7720 5003
7730 5011
7740 5018
7750 5024
7760 5028
7770 5033
7780 5038
7790 5043
7800 5049
7810 5056
7820 5058
7830 5064
7840 5070
7850 5078
7860 5084
7870 5026
7880 5031
7890 5037
7900 5044
7910 5049
7920 5055
7930 5061
7940 5067
7950 5071
7960 5079
7970 5083
7980 5090
7990 5094
8000 5100
8010 5106
8020 5112
8030 5118
8040 5125
8050 5132
8060 5140
8070 5146
8080 5154
8090 5159
8100 5166
8110 5172
8120 5179
8130 5184
8140 5191
8150 5197
8160 5202
8170 5208
8180 5215
8190 5221
8200 5227
8210 5232
8220 5238
8230 5244
8240 5250
8250 5259
8260 5265
8270 5272
8280 5278
8290 5283
8300 5396
8310 5404
8320 5408
8330 5413
8340 5420
8350 5428
8360 5435
8370 5441
8380 5448
8390 5456
8400 5463
8410 5471
8420 5480
8430 5483
8440 5491
8450 5499
8460 5507
8470 5513
8480 5520
8490 5525
8500 5531
8510 5538
8520 5545
8530 5552
8540 5561
8550 5565
8560 5571
8570 5579
8580 5588
8590 5594
8600 5598
8610 5606
8620 5613
8630 5619
8640 5626
8650 5632
8660 5638
8670 5645
8680 5653
8690 5658
8700 5665
8710 5670
8720 5662
8730 5667
8740 5674
8750 5680
8760 5687
8770 5695
8780 5701
8790 5705
8800 5711
8810 5718
8820 5726
8830 5732
8840 5739
8850 5744
8860 5749
8870 5753
8880 5759
8890 5765
8900 5773
8910 5778
8920 5785
8930 5791
8940 5798
8950 5807
8960 5814
8970 5822
8980 5827
8990 5833
9000 5838
9010 5845
9020 5850
9030 5856
9040 5864
9050 5870
9060 5875
9070 5883
9080 5830
9090 5838
9100 5842
9110 5851
9120 5857
9130 5865
9140 5871
9150 5877
9160 5882
9170 5892
9180 5899
9190 5907
9200 5913
9210 5919
9220 5926
9230 5932
9240 5940
9250 5947
9260 5955
9270 5963
9280 5971
9290 5976
9300 5984
9310 5991
9320 5995
9330 6002
9340 6008
9350 6015
9360 6023
9370 6030
9380 6037
9390 6045
9400 6052
9410 6020
9420 6026
9430 6030
9440 6035
9450 6043
9460 6049
9470 6055
9480 6063
9490 6071
9500 6075
9510 6083
9520 6089
9530 6096
9540 6102
9550 6108
9560 6117
9570 6125
9580 6130
9590 6138
9600 6146
9610 6153
9620 6159
9630 6167
9640 6172
9650 6180
9660 6187
9670 6194
9680 6201
9690 6209
9700 6215
9710 6221
9720 6229
9730 6205
9740 6211
9750 6218
9760 6226
9770 6232
9780 6241
9790 6248
9800 6254
9810 6263
9820 6270
9830 6277
9840 6283
9850 6290
9860 6297
9870 6303
9880 6310
9890 6316
9900 6322
9910 6327
9920 6334
9930 6340
9940 6344
9950 6352
9960 6359
9970 6366
9980 6373
9990 6378
10000 6386
