10 7
20 13
30 19
40 20
50 27
60 33
70 37
80 42
90 46
100 51
110 55
120 60
130 64
140 70
150 76
160 81
170 85
180 92
190 96
200 101
210 107
220 112
230 118
240 123
250 129
260 130
270 135
280 141
290 145
300 149
310 155
320 159
330 165
340 170
350 176
360 180
370 185
380 190
390 193
400 198
410 205
420 209
430 215
440 219
450 226
460 230
470 235
480 239
490 245
500 251
510 257
520 262
530 269
540 273
550 279
560 284
570 288
580 293
590 298
600 303
610 308
620 312
630 318
640 325
650 331
660 337
670 342
680 346
690 352
700 356
710 363
720 369
730 373
740 377
750 384
760 389
770 393
780 400
790 406
800 410
810 415
820 420
830 426
840 431
850 436
860 441
870 444
880 452
890 453
900 457
910 464
920 468
930 473
940 477
950 481
960 486
970 493
980 498
990 504
1000 508
1010 512
1020 517
1030 522
1040 528
1050 533
1060 537
1070 545
1080 550
1090 555
1100 560
1110 563
1120 568
1130 573
1140 575
1150 581
1160 584
1170 590
1180 595
1190 599
1200 604
1210 609
1220 612
1230 617
1240 620
1250 627
1260 630
1270 634
1280 639
1290 643
1300 648
1310 653
1320 658
1330 663
1340 669
1350 674
1360 681
1370 685
1380 690
1390 697
1400 706
1410 710
1420 714
1430 719
1440 726
1450 731
1460 736
1470 741
1480 744
1490 750
1500 755
1510 761
1520 767
1530 772
1540 777
1550 781
1560 784
1570 789
1580 792
1590 798
1600 802
1610 807
1620 812
1630 817
1640 822
1650 827
1660 833
1670 838
1680 842
1690 846
1700 852
1710 856
1720 861
1730 866
1740 871
1750 877
1760 882
1770 888
1780 890
1790 894
1800 900
1810 905
1820 912
1830 917
1840 923
1850 929
1860 934
1870 940
1880 945
1890 949
1900 955
1910 959
1920 963
1930 967
1940 971
1950 977
1960 981
1970 988
1980 993
1990 998
2000 1003
2010 1008
2020 1013
2030 1020
2040 1027
2050 1033
2060 1039
2070 1042
2080 1048
2090 1054
2100 1059
2110 1064
2120 1068
2130 1072
2140 1077
2150 1084
2160 1088
2170 1092
2180 1097
2190 1101
2200 1106
2210 1112
2220 1116
2230 1122
2240 1126
2250 1132
2260 1140
2270 1146
2280 1152
2290 1157
2300 1163
2310 1167
2320 1172
2330 1176
2340 1184
2350 1189
2360 1194
2370 1201
2380 1207
2390 1212
2400 1218
2410 1225
2420 1232
2430 1236
2440 1242
2450 1247
2460 1252
2470 1257
2480 1262
2490 1266
2500 1269
2510 1277
2520 1283
2530 1289
2540 1294
2550 1297
2560 1301
2570 1307
2580 1311
2590 1320
2600 1325
2610 1331
2620 1338
2630 1344
2640 1350
2650 1356
2660 1359
2670 1364
2680 1369
2690 1374
2700 1379
2710 1384
2720 1389
2730 1392
2740 1398
2750 1404
2760 1408
2770 1411
2780 1419
2790 1423
2800 1429
2810 1432
2820 1439
2830 1445
2840 1452
2850 1457
2860 1460
2870 1465
2880 1471
2890 1475
2900 1480
2910 1482
2920 1487
2930 1494
2940 1497
2950 1503
2960 1506
2970 1511
2980 1516
2990 1520
3000 1522
3010 1527
3020 1533
3030 1539
3040 1545
3050 1550
3060 1554
3070 1560
3080 1566
3090 1572
3100 1580
3110 1584
3120 1589
3130 1593
3140 1596
3150 1600
3160 1605
3170 1608
3180 1615
3190 1619
3200 1622
3210 1629
3220 1631
3230 1636
3240 1639
3250 1644
3260 1648
3270 1653
3280 1658
3290 1664
3300 1669
3310 1675
3320 1679
3330 1684
3340 1690
3350 1695
3360 1700
3370 1705
3380 1710
3390 1720
3400 1727
3410 1731
3420 1734
3430 1739
3440 1743
3450 1745
3460 1751
3470 1755
3480 1757
3490 1761
3500 1766
3510 1771
3520 1779
3530 1784
3540 1788
3550 1793
3560 1798
3570 1804
3580 1807
3590 1811
3600 1815
3610 1819
3620 1823
3630 1831
3640 1837
3650 1841
3660 1847
3670 1851
3680 1856
3690 1861
3700 1866
3710 1874
3720 1879
3730 1884
3740 1887
3750 1891
3760 1895
3770 1899
3780 1905
3790 1909
3800 1914
3810 1920
3820 1926
3830 1932
3840 1938
3850 1943
3860 1948
3870 1950
3880 1955
3890 1960
3900 1965
3910 1968
3920 1975
3930 1981
3940 1987
3950 1991
3960 1996
3970 2001
3980 2005
3990 2009
4000 2014
4010 2018
4020 2021
4030 2025
4040 2028
4050 2033
4060 2037
4070 2042
4080 2048
4090 2052
4100 2057
4110 2062
4120 2068
4130 2074
4140 2080
4150 2085
4160 2091
4170 2094
4180 2099
4190 2102
4200 2107
4210 2110
4220 2116
4230 2122
4240 2126
4250 2130
4260 2135
4270 2139
4280 2145
4290 2150
4300 2156
4310 2162
4320 2166
4330 2174
4340 2177
4350 2181
4360 2186
4370 2191
4380 2197
4390 2201
4400 2206
4410 2209
4420 2215
4430 2219
4440 2224
4450 2229
4460 2234
4470 2238
4480 2243
4490 2249
4500 2253
4510 2258
4520 2263
4530 2267
4540 2270
4550 2275
4560 2281
4570 2287
4580 2291
4590 2296
4600 2302
4610 2307
4620 2313
4630 2314
4640 2323
4650 2329
4660 2336
4670 2340
4680 2345
4690 2349
4700 2355
4710 2361
4720 2366
4730 2370
4740 2374
4750 2378
4760 2383
4770 2391
4780 2395
4790 2400
4800 2406
4810 2409
4820 2417
4830 2421
4840 2426
4850 2432
4860 2438
4870 2444
4880 2446
4890 2450
4900 2457
4910 2459
4920 2466
4930 2472
4940 2479
4950 2483
4960 2489
4970 2495
4980 2500
4990 2504
5000 2510
5010 2514
5020 2519
5030 2523
5040 2529
5050 2534
5060 2539
5070 2547
5080 2551
5090 2554
5100 2558
5110 2564
5120 2568
5130 2574
5140 2579
5150 2585
5160 2590
5170 2596
5180 2601
5190 2607
5200 2611
5210 2617
5220 2623
5230 2628
5240 2634
5250 2638
5260 2644
5270 2650
5280 2655
5290 2659
5300 2664
5310 2668
5320 2672
5330 2678
5340 2683
5350 2688
5360 2694
5370 2700
5380 2706
5390 2711
5400 2716
5410 2722
5420 2728
5430 2733
5440 2739
5450 2743
5460 2746
5470 2750
5480 2755
5490 2761
5500 2766
5510 2773
5520 2778
5530 2782
5540 2787
5550 2792
5560 2795
5570 2800
5580 2828
5590 2832
5600 2838
5610 2842
5620 2847
5630 2850
5640 2855
5650 2860
5660 2865
5670 2869
5680 2875
5690 2880
5700 2884
5710 2889
5720 2892
5730 2897
5740 2900
5750 2905
5760 2912
5770 2918
5780 2922
5790 2926
5800 2928
5810 2933
5820 2938
5830 2943
5840 2948
5850 2953
5860 2958
5870 2964
5880 2969
5890 2972
5900 2979
5910 2983
5920 2986
5930 2991
5940 2997
5950 3001
5960 3008
5970 3013
5980 3017
5990 3023
6000 3028
6010 3032
6020 3038
6030 3044
6040 3049
6050 3056
6060 3059
6070 3065
6080 3068
6090 3074
6100 3078
6110 3083
6120 3087
6130 3092
6140 3097
6150 3101
6160 3104
6170 3108
6180 3115
6190 3121
6200 3126
6210 3128
6220 3134
6230 3140
6240 3146
6250 3153
6260 3158
6270 3182
6280 3186
6290 3191
6300 3195
6310 3201
6320 3205
6330 3209
6340 3213
6350 3217
6360 3222
6370 3228
6380 3234
6390 3239
6400 3244
6410 3249
6420 3257
6430 3262
6440 3268
6450 3273
6460 3277
6470 3282
6480 3287
6490 3292
6500 3298
6510 3302
6520 3306
6530 3313
6540 3316
6550 3325
6560 3331
6570 3335
6580 3342
6590 3347
6600 3354
6610 3358
6620 3363
6630 3370
6640 3376
6650 3379
6660 3382
6670 3386
6680 3391
6690 3398
6700 3401
6710 3407
6720 3413
6730 3417
6740 3422
6750 3428
6760 3432
6770 3438
6780 3445
6790 3450
6800 3456
6810 3459
6820 3465
6830 3471
6840 3477
6850 3482
6860 3488
6870 3494
6880 3485
6890 3491
6900 3497
6910 3507
6920 3513
6930 3523
6940 3527
6950 3531
6960 3537
6970 3539
6980 3543
6990 3549
7000 3553
7010 3559
7020 3565
7030 3570
7040 3573
7050 3577
7060 3583
7070 3588
7080 3594
7090 3599
7100 3606
7110 3610
7120 3616
7130 3620
7140 3627
7150 3634
7160 3639
7170 3644
7180 3648
7190 3657
7200 3659
7210 3664
7220 3669
7230 3673
7240 3678
7250 3683
7260 3689
7270 3692
7280 3698
7290 3703
7300 3709
7310 3714
7320 3720
7330 3729
7340 3735
7350 3742
7360 3746
7370 3751
7380 3756
7390 3760
7400 3765
7410 3772
7420 3781
7430 3786
7440 3791
7450 3797
7460 3803
7470 3807
7480 3811
7490 3815
7500 3821
7510 3827
7520 3832
7530 3837
7540 3844
7550 3849
7560 3854
7570 3857
7580 3864
7590 3869
7600 3873
7610 3879
7620 3883
7630 3889
7640 3894
7650 3898
7660 3904
7670 3909
7680 3913
7690 3917
7700 3922
7710 3928
7720 3932
7730 3940
7740 3946
7750 3951
7760 3955
7770 3958
7780 3960
7790 3964
7800 3968
7810 3973
7820 3974
7830 3978
7840 3982
7850 3988
7860 3994
7870 3903
7880 3907
7890 3911
7900 3916
7910 3921
7920 3925
7930 3930
7940 3934
7950 3937
7960 3943
7970 3946
7980 3951
7990 3954
8000 3959
8010 3963
8020 3968
8030 3973
8040 3978
8050 3983
8060 3990
8070 3995
8080 4001
8090 4005
8100 4010
8110 4014
8120 4020
8130 4024
8140 4029
8150 4034
8160 4037
8170 4042
8180 4047
8190 4052
8200 4056
8210 4060
8220 4065
8230 4069
8240 4074
8250 4080
8260 4086
8270 4091
8280 4096
8290 4100
8300 4227
8310 4234
8320 4237
8330 4240
8340 4245
8350 4252
8360 4257
8370 4262
8380 4267
8390 4274
8400 4280
8410 4287
8420 4294
8430 4295
8440 4301
8450 4307
8460 4313
8470 4318
8480 4323
8490 4327
8500 4332
8510 4338
8520 4344
8530 4348
8540 4355
8550 4359
8560 4363
8570 4369
8580 4378
8590 4382
8600 4384
8610 4391
8620 4396
8630 4402
8640 4408
8650 4412
8660 4416
8670 4423
8680 4429
8690 4432
8700 4436
8710 4440
8720 4448
8730 4451
8740 4456
8750 4461
8760 4467
8770 4474
8780 4478
8790 4480
8800 4486
8810 4491
8820 4500
8830 4504
8840 4510
8850 4512
8860 4516
8870 4519
8880 4524
8890 4529
8900 4535
8910 4539
8920 4544
8930 4549
8940 4554
8950 4562
8960 4567
8970 4575
8980 4578
8990 4583
9000 4585
9010 4591
9020 4595
9030 4600
9040 4607
9050 4610
9060 4614
9070 4620
9080 4534
9090 4540
9100 4543
9110 4550
9120 4555
9130 4561
9140 4565
9150 4569
9160 4573
9170 4581
9180 4587
9190 4593
9200 4598
9210 4603
9220 4608
9230 4612
9240 4618
9250 4624
9260 4631
9270 4637
9280 4644
9290 4647
9300 4653
9310 4659
9320 4662
9330 4668
9340 4672
9350 4677
9360 4683
9370 4688
9380 4693
9390 4700
9400 4706
9410 4693
9420 4696
9430 4699
9440 4703
9450 4709
9460 4713
9470 4717
9480 4724
9490 4731
9500 4734
9510 4741
9520 4746
9530 4751
9540 4756
9550 4761
9560 4768
9570 4775
9580 4780
9590 4785
9600 4790
9610 4795
9620 4800
9630 4806
9640 4810
9650 4816
9660 4821
9670 4827
9680 4832
9690 4839
9700 4843
9710 4848
9720 4854
9730 4843
9740 4848
9750 4853
9760 4860
9770 4864
9780 4871
9790 4876
9800 4880
9810 4888
9820 4894
9830 4898
9840 4904
9850 4909
9860 4914
9870 4919
9880 4924
9890 4929
9900 4934
9910 4939
9920 4945
9930 4949
9940 4952
9950 4957
9960 4962
9970 4968
9980 4973
9990 4977
10000 4983
