n:4 r:6

BENEFICIOS: 
  0   1   1   2   3   4   5 
  0   2   3   3   3   4   6 
  5   0   1   1   2   2   2 
  0   2   3   4   5   6   7 
MEMOIA: 
 -1  -1  -1  -1  -1  -1  -1 
 -1  -1  -1  -1  -1  -1  -1 
 -1  -1  -1  -1  -1  -1  -1 
 -1  -1  -1  -1  -1  -1  -1 

n:3 r:6

BENEFICIOS: 
  0   1   1   2   3   4   5 
  0   2   3   3   3   4   6 
  5   0   1   1   2   2   2 
  0   2   3   4   5   6   7 
MEMOIA: 
 -1  -1  -1  -1  -1  -1  -1 
 -1  -1  -1  -1  -1  -1  -1 
 -1  -1  -1  -1  -1  -1  -1 
 -1  -1  -1  -1  -1  -1  -2 

n:2 r:6

BENEFICIOS: 
  0   1   1   2   3   4   5 
  0   2   3   3   3   4   6 
  5   0   1   1   2   2   2 
  0   2   3   4   5   6   7 
MEMOIA: 
 -1  -1  -1  -1  -1  -1  -1 
 -1  -1  -1  -1  -1  -1  -1 
 -1  -1  -1  -1  -1  -1  -2 
 -1  -1  -1  -1  -1  -1  -2 

n:1 r:6

BENEFICIOS: 
  0   1   1   2   3   4   5 
  0   2   3   3   3   4   6 
  5   0   1   1   2   2   2 
  0   2   3   4   5   6   7 
MEMOIA: 
 -1  -1  -1  -1  -1  -1  -1 
 -1  -1  -1  -1  -1  -1  -2 
 -1  -1  -1  -1  -1  -1  -2 
 -1  -1  -1  -1  -1  -1  -2 

n:0 r:6

BENEFICIOS: 
  0   1   1   2   3   4   5 
  0   2   3   3   3   4   6 
  5   0   1   1   2   2   2 
  0   2   3   4   5   6   7 
MEMOIA: 
 -1  -1  -1  -1  -1  -1  -2 
 -1  -1  -1  -1  -1  -1  -2 
 -1  -1  -1  -1  -1  -1  -2 
 -1  -1  -1  -1  -1  -1  -2 

n:0 r:5

BENEFICIOS: 
  0   1   1   2   3   4   5 
  0   2   3   3   3   4   6 
  5   0   1   1   2   2   2 
  0   2   3   4   5   6   7 
MEMOIA: 
 -1  -1  -1  -1  -1  -1   0 
 -1  -1  -1  -1  -1  -1  -2 
 -1  -1  -1  -1  -1  -1  -2 
 -1  -1  -1  -1  -1  -1  -2 

n:0 r:4

BENEFICIOS: 
  0   1   1   2   3   4   5 
  0   2   3   3   3   4   6 
  5   0   1   1   2   2   2 
  0   2   3   4   5   6   7 
MEMOIA: 
 -1  -1  -1  -1  -1  -1   1 
 -1  -1  -1  -1  -1  -1  -2 
 -1  -1  -1  -1  -1  -1  -2 
 -1  -1  -1  -1  -1  -1  -2 

n:0 r:3

BENEFICIOS: 
  0   1   1   2   3   4   5 
  0   2   3   3   3   4   6 
  5   0   1   1   2   2   2 
  0   2   3   4   5   6   7 
MEMOIA: 
 -1  -1  -1  -1  -1  -1   1 
 -1  -1  -1  -1  -1  -1  -2 
 -1  -1  -1  -1  -1  -1  -2 
 -1  -1  -1  -1  -1  -1  -2 

n:0 r:2

BENEFICIOS: 
  0   1   1   2   3   4   5 
  0   2   3   3   3   4   6 
  5   0   1   1   2   2   2 
  0   2   3   4   5   6   7 
MEMOIA: 
 -1  -1  -1  -1  -1  -1   2 
 -1  -1  -1  -1  -1  -1  -2 
 -1  -1  -1  -1  -1  -1  -2 
 -1  -1  -1  -1  -1  -1  -2 

n:0 r:1

BENEFICIOS: 
  0   1   1   2   3   4   5 
  0   2   3   3   3   4   6 
  5   0   1   1   2   2   2 
  0   2   3   4   5   6   7 
MEMOIA: 
 -1  -1  -1  -1  -1  -1   3 
 -1  -1  -1  -1  -1  -1  -2 
 -1  -1  -1  -1  -1  -1  -2 
 -1  -1  -1  -1  -1  -1  -2 

n:0 r:0

BENEFICIOS: 
  0   1   1   2   3   4   5 
  0   2   3   3   3   4   6 
  5   0   1   1   2   2   2 
  0   2   3   4   5   6   7 
MEMOIA: 
 -1  -1  -1  -1  -1  -1   4 
 -1  -1  -1  -1  -1  -1  -2 
 -1  -1  -1  -1  -1  -1  -2 
 -1  -1  -1  -1  -1  -1  -2 

n:1 r:5

BENEFICIOS: 
  0   1   1   2   3   4   5 
  0   2   3   3   3   4   6 
  5   0   1   1   2   2   2 
  0   2   3   4   5   6   7 
MEMOIA: 
 -1  -1  -1  -1  -1  -1   5 
 -1  -1  -1  -1  -1  -1   5 
 -1  -1  -1  -1  -1  -1  -2 
 -1  -1  -1  -1  -1  -1  -2 

n:0 r:5

BENEFICIOS: 
  0   1   1   2   3   4   5 
  0   2   3   3   3   4   6 
  5   0   1   1   2   2   2 
  0   2   3   4   5   6   7 
MEMOIA: 
 -1  -1  -1  -1  -1  -2   5 
 -1  -1  -1  -1  -1  -1   5 
 -1  -1  -1  -1  -1  -1  -2 
 -1  -1  -1  -1  -1  -1  -2 

n:0 r:4

BENEFICIOS: 
  0   1   1   2   3   4   5 
  0   2   3   3   3   4   6 
  5   0   1   1   2   2   2 
  0   2   3   4   5   6   7 
MEMOIA: 
 -1  -1  -1  -1  -1   0   5 
 -1  -1  -1  -1  -1  -1   5 
 -1  -1  -1  -1  -1  -1  -2 
 -1  -1  -1  -1  -1  -1  -2 

n:0 r:3

BENEFICIOS: 
  0   1   1   2   3   4   5 
  0   2   3   3   3   4   6 
  5   0   1   1   2   2   2 
  0   2   3   4   5   6   7 
MEMOIA: 
 -1  -1  -1  -1  -1   1   5 
 -1  -1  -1  -1  -1  -1   5 
 -1  -1  -1  -1  -1  -1  -2 
 -1  -1  -1  -1  -1  -1  -2 

n:0 r:2

BENEFICIOS: 
  0   1   1   2   3   4   5 
  0   2   3   3   3   4   6 
  5   0   1   1   2   2   2 
  0   2   3   4   5   6   7 
MEMOIA: 
 -1  -1  -1  -1  -1   1   5 
 -1  -1  -1  -1  -1  -1   5 
 -1  -1  -1  -1  -1  -1  -2 
 -1  -1  -1  -1  -1  -1  -2 

n:0 r:1

BENEFICIOS: 
  0   1   1   2   3   4   5 
  0   2   3   3   3   4   6 
  5   0   1   1   2   2   2 
  0   2   3   4   5   6   7 
MEMOIA: 
 -1  -1  -1  -1  -1   2   5 
 -1  -1  -1  -1  -1  -1   5 
 -1  -1  -1  -1  -1  -1  -2 
 -1  -1  -1  -1  -1  -1  -2 

n:0 r:0

BENEFICIOS: 
  0   1   1   2   3   4   5 
  0   2   3   3   3   4   6 
  5   0   1   1   2   2   2 
  0   2   3   4   5   6   7 
MEMOIA: 
 -1  -1  -1  -1  -1   3   5 
 -1  -1  -1  -1  -1  -1   5 
 -1  -1  -1  -1  -1  -1  -2 
 -1  -1  -1  -1  -1  -1  -2 

n:1 r:4

BENEFICIOS: 
  0   1   1   2   3   4   5 
  0   2   3   3   3   4   6 
  5   0   1   1   2   2   2 
  0   2   3   4   5   6   7 
MEMOIA: 
 -1  -1  -1  -1  -1   4   5 
 -1  -1  -1  -1  -1  -1   6 
 -1  -1  -1  -1  -1  -1  -2 
 -1  -1  -1  -1  -1  -1  -2 

n:0 r:4

BENEFICIOS: 
  0   1   1   2   3   4   5 
  0   2   3   3   3   4   6 
  5   0   1   1   2   2   2 
  0   2   3   4   5   6   7 
MEMOIA: 
 -1  -1  -1  -1  -2   4   5 
 -1  -1  -1  -1  -1  -1   6 
 -1  -1  -1  -1  -1  -1  -2 
 -1  -1  -1  -1  -1  -1  -2 

n:0 r:3

BENEFICIOS: 
  0   1   1   2   3   4   5 
  0   2   3   3   3   4   6 
  5   0   1   1   2   2   2 
  0   2   3   4   5   6   7 
MEMOIA: 
 -1  -1  -1  -1   0   4   5 
 -1  -1  -1  -1  -1  -1   6 
 -1  -1  -1  -1  -1  -1  -2 
 -1  -1  -1  -1  -1  -1  -2 

n:0 r:2

BENEFICIOS: 
  0   1   1   2   3   4   5 
  0   2   3   3   3   4   6 
  5   0   1   1   2   2   2 
  0   2   3   4   5   6   7 
MEMOIA: 
 -1  -1  -1  -1   1   4   5 
 -1  -1  -1  -1  -1  -1   6 
 -1  -1  -1  -1  -1  -1  -2 
 -1  -1  -1  -1  -1  -1  -2 

n:0 r:1

BENEFICIOS: 
  0   1   1   2   3   4   5 
  0   2   3   3   3   4   6 
  5   0   1   1   2   2   2 
  0   2   3   4   5   6   7 
MEMOIA: 
 -1  -1  -1  -1   1   4   5 
 -1  -1  -1  -1  -1  -1   6 
 -1  -1  -1  -1  -1  -1  -2 
 -1  -1  -1  -1  -1  -1  -2 

n:0 r:0

BENEFICIOS: 
  0   1   1   2   3   4   5 
  0   2   3   3   3   4   6 
  5   0   1   1   2   2   2 
  0   2   3   4   5   6   7 
MEMOIA: 
 -1  -1  -1  -1   2   4   5 
 -1  -1  -1  -1  -1  -1   6 
 -1  -1  -1  -1  -1  -1  -2 
 -1  -1  -1  -1  -1  -1  -2 

n:1 r:3

BENEFICIOS: 
  0   1   1   2   3   4   5 
  0   2   3   3   3   4   6 
  5   0   1   1   2   2   2 
  0   2   3   4   5   6   7 
MEMOIA: 
 -1  -1  -1  -1   3   4   5 
 -1  -1  -1  -1  -1  -1   6 
 -1  -1  -1  -1  -1  -1  -2 
 -1  -1  -1  -1  -1  -1  -2 

n:0 r:3

BENEFICIOS: 
  0   1   1   2   3   4   5 
  0   2   3   3   3   4   6 
  5   0   1   1   2   2   2 
  0   2   3   4   5   6   7 
MEMOIA: 
 -1  -1  -1  -2   3   4   5 
 -1  -1  -1  -1  -1  -1   6 
 -1  -1  -1  -1  -1  -1  -2 
 -1  -1  -1  -1  -1  -1  -2 

n:0 r:2

BENEFICIOS: 
  0   1   1   2   3   4   5 
  0   2   3   3   3   4   6 
  5   0   1   1   2   2   2 
  0   2   3   4   5   6   7 
MEMOIA: 
 -1  -1  -1   0   3   4   5 
 -1  -1  -1  -1  -1  -1   6 
 -1  -1  -1  -1  -1  -1  -2 
 -1  -1  -1  -1  -1  -1  -2 

n:0 r:1

BENEFICIOS: 
  0   1   1   2   3   4   5 
  0   2   3   3   3   4   6 
  5   0   1   1   2   2   2 
  0   2   3   4   5   6   7 
MEMOIA: 
 -1  -1  -1   1   3   4   5 
 -1  -1  -1  -1  -1  -1   6 
 -1  -1  -1  -1  -1  -1  -2 
 -1  -1  -1  -1  -1  -1  -2 

n:0 r:0

BENEFICIOS: 
  0   1   1   2   3   4   5 
  0   2   3   3   3   4   6 
  5   0   1   1   2   2   2 
  0   2   3   4   5   6   7 
MEMOIA: 
 -1  -1  -1   1   3   4   5 
 -1  -1  -1  -1  -1  -1   6 
 -1  -1  -1  -1  -1  -1  -2 
 -1  -1  -1  -1  -1  -1  -2 

n:1 r:2

BENEFICIOS: 
  0   1   1   2   3   4   5 
  0   2   3   3   3   4   6 
  5   0   1   1   2   2   2 
  0   2   3   4   5   6   7 
MEMOIA: 
 -1  -1  -1   2   3   4   5 
 -1  -1  -1  -1  -1  -1   6 
 -1  -1  -1  -1  -1  -1  -2 
 -1  -1  -1  -1  -1  -1  -2 

n:0 r:2

BENEFICIOS: 
  0   1   1   2   3   4   5 
  0   2   3   3   3   4   6 
  5   0   1   1   2   2   2 
  0   2   3   4   5   6   7 
MEMOIA: 
 -1  -1  -2   2   3   4   5 
 -1  -1  -1  -1  -1  -1   6 
 -1  -1  -1  -1  -1  -1  -2 
 -1  -1  -1  -1  -1  -1  -2 

n:0 r:1

BENEFICIOS: 
  0   1   1   2   3   4   5 
  0   2   3   3   3   4   6 
  5   0   1   1   2   2   2 
  0   2   3   4   5   6   7 
MEMOIA: 
 -1  -1   0   2   3   4   5 
 -1  -1  -1  -1  -1  -1   6 
 -1  -1  -1  -1  -1  -1  -2 
 -1  -1  -1  -1  -1  -1  -2 

n:0 r:0

BENEFICIOS: 
  0   1   1   2   3   4   5 
  0   2   3   3   3   4   6 
  5   0   1   1   2   2   2 
  0   2   3   4   5   6   7 
MEMOIA: 
 -1  -1   1   2   3   4   5 
 -1  -1  -1  -1  -1  -1   6 
 -1  -1  -1  -1  -1  -1  -2 
 -1  -1  -1  -1  -1  -1  -2 

n:1 r:1

BENEFICIOS: 
  0   1   1   2   3   4   5 
  0   2   3   3   3   4   6 
  5   0   1   1   2   2   2 
  0   2   3   4   5   6   7 
MEMOIA: 
 -1  -1   1   2   3   4   5 
 -1  -1  -1  -1  -1  -1   6 
 -1  -1  -1  -1  -1  -1  -2 
 -1  -1  -1  -1  -1  -1  -2 

n:0 r:1

BENEFICIOS: 
  0   1   1   2   3   4   5 
  0   2   3   3   3   4   6 
  5   0   1   1   2   2   2 
  0   2   3   4   5   6   7 
MEMOIA: 
 -1  -2   1   2   3   4   5 
 -1  -1  -1  -1  -1  -1   6 
 -1  -1  -1  -1  -1  -1  -2 
 -1  -1  -1  -1  -1  -1  -2 

n:0 r:0

BENEFICIOS: 
  0   1   1   2   3   4   5 
  0   2   3   3   3   4   6 
  5   0   1   1   2   2   2 
  0   2   3   4   5   6   7 
MEMOIA: 
 -1   0   1   2   3   4   5 
 -1  -1  -1  -1  -1  -1   6 
 -1  -1  -1  -1  -1  -1  -2 
 -1  -1  -1  -1  -1  -1  -2 

n:1 r:0

BENEFICIOS: 
  0   1   1   2   3   4   5 
  0   2   3   3   3   4   6 
  5   0   1   1   2   2   2 
  0   2   3   4   5   6   7 
MEMOIA: 
 -1   1   1   2   3   4   5 
 -1  -1  -1  -1  -1  -1   6 
 -1  -1  -1  -1  -1  -1  -2 
 -1  -1  -1  -1  -1  -1  -2 

n:0 r:0

BENEFICIOS: 
  0   1   1   2   3   4   5 
  0   2   3   3   3   4   6 
  5   0   1   1   2   2   2 
  0   2   3   4   5   6   7 
MEMOIA: 
 -2   1   1   2   3   4   5 
 -1  -1  -1  -1  -1  -1   6 
 -1  -1  -1  -1  -1  -1  -2 
 -1  -1  -1  -1  -1  -1  -2 

n:2 r:5

BENEFICIOS: 
  0   1   1   2   3   4   5 
  0   2   3   3   3   4   6 
  5   0   1   1   2   2   2 
  0   2   3   4   5   6   7 
MEMOIA: 
  0   1   1   2   3   4   5 
 -1  -1  -1  -1  -1  -1   6 
 -1  -1  -1  -1  -1  -1  11 
 -1  -1  -1  -1  -1  -1  -2 

n:1 r:5

BENEFICIOS: 
  0   1   1   2   3   4   5 
  0   2   3   3   3   4   6 
  5   0   1   1   2   2   2 
  0   2   3   4   5   6   7 
MEMOIA: 
  0   1   1   2   3   4   5 
 -1  -1  -1  -1  -1  -2   6 
 -1  -1  -1  -1  -1  -1  11 
 -1  -1  -1  -1  -1  -1  -2 

n:1 r:4

BENEFICIOS: 
  0   1   1   2   3   4   5 
  0   2   3   3   3   4   6 
  5   0   1   1   2   2   2 
  0   2   3   4   5   6   7 
MEMOIA: 
  0   1   1   2   3   4   5 
 -1  -1  -1  -1  -1   4   6 
 -1  -1  -1  -1  -1  -1  11 
 -1  -1  -1  -1  -1  -1  -2 

n:1 r:3

BENEFICIOS: 
  0   1   1   2   3   4   5 
  0   2   3   3   3   4   6 
  5   0   1   1   2   2   2 
  0   2   3   4   5   6   7 
MEMOIA: 
  0   1   1   2   3   4   5 
 -1  -1  -1  -1  -1   5   6 
 -1  -1  -1  -1  -1  -1  11 
 -1  -1  -1  -1  -1  -1  -2 

n:1 r:2

BENEFICIOS: 
  0   1   1   2   3   4   5 
  0   2   3   3   3   4   6 
  5   0   1   1   2   2   2 
  0   2   3   4   5   6   7 
MEMOIA: 
  0   1   1   2   3   4   5 
 -1  -1  -1  -1  -1   5   6 
 -1  -1  -1  -1  -1  -1  11 
 -1  -1  -1  -1  -1  -1  -2 

n:1 r:1

BENEFICIOS: 
  0   1   1   2   3   4   5 
  0   2   3   3   3   4   6 
  5   0   1   1   2   2   2 
  0   2   3   4   5   6   7 
MEMOIA: 
  0   1   1   2   3   4   5 
 -1  -1  -1  -1  -1   5   6 
 -1  -1  -1  -1  -1  -1  11 
 -1  -1  -1  -1  -1  -1  -2 

n:1 r:0

BENEFICIOS: 
  0   1   1   2   3   4   5 
  0   2   3   3   3   4   6 
  5   0   1   1   2   2   2 
  0   2   3   4   5   6   7 
MEMOIA: 
  0   1   1   2   3   4   5 
 -1  -1  -1  -1  -1   5   6 
 -1  -1  -1  -1  -1  -1  11 
 -1  -1  -1  -1  -1  -1  -2 

n:2 r:4

BENEFICIOS: 
  0   1   1   2   3   4   5 
  0   2   3   3   3   4   6 
  5   0   1   1   2   2   2 
  0   2   3   4   5   6   7 
MEMOIA: 
  0   1   1   2   3   4   5 
 -1  -1  -1  -1  -1   5   6 
 -1  -1  -1  -1  -1  -1  11 
 -1  -1  -1  -1  -1  -1  -2 

n:1 r:4

BENEFICIOS: 
  0   1   1   2   3   4   5 
  0   2   3   3   3   4   6 
  5   0   1   1   2   2   2 
  0   2   3   4   5   6   7 
MEMOIA: 
  0   1   1   2   3   4   5 
 -1  -1  -1  -1  -2   5   6 
 -1  -1  -1  -1  -1  -1  11 
 -1  -1  -1  -1  -1  -1  -2 

n:1 r:3

BENEFICIOS: 
  0   1   1   2   3   4   5 
  0   2   3   3   3   4   6 
  5   0   1   1   2   2   2 
  0   2   3   4   5   6   7 
MEMOIA: 
  0   1   1   2   3   4   5 
 -1  -1  -1  -1   3   5   6 
 -1  -1  -1  -1  -1  -1  11 
 -1  -1  -1  -1  -1  -1  -2 

n:1 r:2

BENEFICIOS: 
  0   1   1   2   3   4   5 
  0   2   3   3   3   4   6 
  5   0   1   1   2   2   2 
  0   2   3   4   5   6   7 
MEMOIA: 
  0   1   1   2   3   4   5 
 -1  -1  -1  -1   4   5   6 
 -1  -1  -1  -1  -1  -1  11 
 -1  -1  -1  -1  -1  -1  -2 

n:1 r:1

BENEFICIOS: 
  0   1   1   2   3   4   5 
  0   2   3   3   3   4   6 
  5   0   1   1   2   2   2 
  0   2   3   4   5   6   7 
MEMOIA: 
  0   1   1   2   3   4   5 
 -1  -1  -1  -1   4   5   6 
 -1  -1  -1  -1  -1  -1  11 
 -1  -1  -1  -1  -1  -1  -2 

n:1 r:0

BENEFICIOS: 
  0   1   1   2   3   4   5 
  0   2   3   3   3   4   6 
  5   0   1   1   2   2   2 
  0   2   3   4   5   6   7 
MEMOIA: 
  0   1   1   2   3   4   5 
 -1  -1  -1  -1   4   5   6 
 -1  -1  -1  -1  -1  -1  11 
 -1  -1  -1  -1  -1  -1  -2 

n:2 r:3

BENEFICIOS: 
  0   1   1   2   3   4   5 
  0   2   3   3   3   4   6 
  5   0   1   1   2   2   2 
  0   2   3   4   5   6   7 
MEMOIA: 
  0   1   1   2   3   4   5 
 -1  -1  -1  -1   4   5   6 
 -1  -1  -1  -1  -1  -1  11 
 -1  -1  -1  -1  -1  -1  -2 

n:1 r:3

BENEFICIOS: 
  0   1   1   2   3   4   5 
  0   2   3   3   3   4   6 
  5   0   1   1   2   2   2 
  0   2   3   4   5   6   7 
MEMOIA: 
  0   1   1   2   3   4   5 
 -1  -1  -1  -2   4   5   6 
 -1  -1  -1  -1  -1  -1  11 
 -1  -1  -1  -1  -1  -1  -2 

n:1 r:2

BENEFICIOS: 
  0   1   1   2   3   4   5 
  0   2   3   3   3   4   6 
  5   0   1   1   2   2   2 
  0   2   3   4   5   6   7 
MEMOIA: 
  0   1   1   2   3   4   5 
 -1  -1  -1   2   4   5   6 
 -1  -1  -1  -1  -1  -1  11 
 -1  -1  -1  -1  -1  -1  -2 

n:1 r:1

BENEFICIOS: 
  0   1   1   2   3   4   5 
  0   2   3   3   3   4   6 
  5   0   1   1   2   2   2 
  0   2   3   4   5   6   7 
MEMOIA: 
  0   1   1   2   3   4   5 
 -1  -1  -1   3   4   5   6 
 -1  -1  -1  -1  -1  -1  11 
 -1  -1  -1  -1  -1  -1  -2 

n:1 r:0

BENEFICIOS: 
  0   1   1   2   3   4   5 
  0   2   3   3   3   4   6 
  5   0   1   1   2   2   2 
  0   2   3   4   5   6   7 
MEMOIA: 
  0   1   1   2   3   4   5 
 -1  -1  -1   4   4   5   6 
 -1  -1  -1  -1  -1  -1  11 
 -1  -1  -1  -1  -1  -1  -2 

n:2 r:2

BENEFICIOS: 
  0   1   1   2   3   4   5 
  0   2   3   3   3   4   6 
  5   0   1   1   2   2   2 
  0   2   3   4   5   6   7 
MEMOIA: 
  0   1   1   2   3   4   5 
 -1  -1  -1   4   4   5   6 
 -1  -1  -1  -1  -1  -1  11 
 -1  -1  -1  -1  -1  -1  -2 

n:1 r:2

BENEFICIOS: 
  0   1   1   2   3   4   5 
  0   2   3   3   3   4   6 
  5   0   1   1   2   2   2 
  0   2   3   4   5   6   7 
MEMOIA: 
  0   1   1   2   3   4   5 
 -1  -1  -2   4   4   5   6 
 -1  -1  -1  -1  -1  -1  11 
 -1  -1  -1  -1  -1  -1  -2 

n:1 r:1

BENEFICIOS: 
  0   1   1   2   3   4   5 
  0   2   3   3   3   4   6 
  5   0   1   1   2   2   2 
  0   2   3   4   5   6   7 
MEMOIA: 
  0   1   1   2   3   4   5 
 -1  -1   1   4   4   5   6 
 -1  -1  -1  -1  -1  -1  11 
 -1  -1  -1  -1  -1  -1  -2 

n:1 r:0

BENEFICIOS: 
  0   1   1   2   3   4   5 
  0   2   3   3   3   4   6 
  5   0   1   1   2   2   2 
  0   2   3   4   5   6   7 
MEMOIA: 
  0   1   1   2   3   4   5 
 -1  -1   3   4   4   5   6 
 -1  -1  -1  -1  -1  -1  11 
 -1  -1  -1  -1  -1  -1  -2 

n:2 r:1

BENEFICIOS: 
  0   1   1   2   3   4   5 
  0   2   3   3   3   4   6 
  5   0   1   1   2   2   2 
  0   2   3   4   5   6   7 
MEMOIA: 
  0   1   1   2   3   4   5 
 -1  -1   3   4   4   5   6 
 -1  -1  -1  -1  -1  -1  11 
 -1  -1  -1  -1  -1  -1  -2 

n:1 r:1

BENEFICIOS: 
  0   1   1   2   3   4   5 
  0   2   3   3   3   4   6 
  5   0   1   1   2   2   2 
  0   2   3   4   5   6   7 
MEMOIA: 
  0   1   1   2   3   4   5 
 -1  -2   3   4   4   5   6 
 -1  -1  -1  -1  -1  -1  11 
 -1  -1  -1  -1  -1  -1  -2 

n:1 r:0

BENEFICIOS: 
  0   1   1   2   3   4   5 
  0   2   3   3   3   4   6 
  5   0   1   1   2   2   2 
  0   2   3   4   5   6   7 
MEMOIA: 
  0   1   1   2   3   4   5 
 -1   1   3   4   4   5   6 
 -1  -1  -1  -1  -1  -1  11 
 -1  -1  -1  -1  -1  -1  -2 

n:2 r:0

BENEFICIOS: 
  0   1   1   2   3   4   5 
  0   2   3   3   3   4   6 
  5   0   1   1   2   2   2 
  0   2   3   4   5   6   7 
MEMOIA: 
  0   1   1   2   3   4   5 
 -1   2   3   4   4   5   6 
 -1  -1  -1  -1  -1  -1  11 
 -1  -1  -1  -1  -1  -1  -2 

n:1 r:0

BENEFICIOS: 
  0   1   1   2   3   4   5 
  0   2   3   3   3   4   6 
  5   0   1   1   2   2   2 
  0   2   3   4   5   6   7 
MEMOIA: 
  0   1   1   2   3   4   5 
 -2   2   3   4   4   5   6 
 -1  -1  -1  -1  -1  -1  11 
 -1  -1  -1  -1  -1  -1  -2 

n:3 r:5

BENEFICIOS: 
  0   1   1   2   3   4   5 
  0   2   3   3   3   4   6 
  5   0   1   1   2   2   2 
  0   2   3   4   5   6   7 
MEMOIA: 
  0   1   1   2   3   4   5 
  0   2   3   4   4   5   6 
 -1  -1  -1  -1  -1  -1  11 
 -1  -1  -1  -1  -1  -1  11 

n:2 r:5

BENEFICIOS: 
  0   1   1   2   3   4   5 
  0   2   3   3   3   4   6 
  5   0   1   1   2   2   2 
  0   2   3   4   5   6   7 
MEMOIA: 
  0   1   1   2   3   4   5 
  0   2   3   4   4   5   6 
 -1  -1  -1  -1  -1  -2  11 
 -1  -1  -1  -1  -1  -1  11 

n:2 r:4

BENEFICIOS: 
  0   1   1   2   3   4   5 
  0   2   3   3   3   4   6 
  5   0   1   1   2   2   2 
  0   2   3   4   5   6   7 
MEMOIA: 
  0   1   1   2   3   4   5 
  0   2   3   4   4   5   6 
 -1  -1  -1  -1  -1  10  11 
 -1  -1  -1  -1  -1  -1  11 

n:2 r:3

BENEFICIOS: 
  0   1   1   2   3   4   5 
  0   2   3   3   3   4   6 
  5   0   1   1   2   2   2 
  0   2   3   4   5   6   7 
MEMOIA: 
  0   1   1   2   3   4   5 
  0   2   3   4   4   5   6 
 -1  -1  -1  -1  -1  10  11 
 -1  -1  -1  -1  -1  -1  11 

n:2 r:2

BENEFICIOS: 
  0   1   1   2   3   4   5 
  0   2   3   3   3   4   6 
  5   0   1   1   2   2   2 
  0   2   3   4   5   6   7 
MEMOIA: 
  0   1   1   2   3   4   5 
  0   2   3   4   4   5   6 
 -1  -1  -1  -1  -1  10  11 
 -1  -1  -1  -1  -1  -1  11 

n:2 r:1

BENEFICIOS: 
  0   1   1   2   3   4   5 
  0   2   3   3   3   4   6 
  5   0   1   1   2   2   2 
  0   2   3   4   5   6   7 
MEMOIA: 
  0   1   1   2   3   4   5 
  0   2   3   4   4   5   6 
 -1  -1  -1  -1  -1  10  11 
 -1  -1  -1  -1  -1  -1  11 

n:2 r:0

BENEFICIOS: 
  0   1   1   2   3   4   5 
  0   2   3   3   3   4   6 
  5   0   1   1   2   2   2 
  0   2   3   4   5   6   7 
MEMOIA: 
  0   1   1   2   3   4   5 
  0   2   3   4   4   5   6 
 -1  -1  -1  -1  -1  10  11 
 -1  -1  -1  -1  -1  -1  11 

n:3 r:4

BENEFICIOS: 
  0   1   1   2   3   4   5 
  0   2   3   3   3   4   6 
  5   0   1   1   2   2   2 
  0   2   3   4   5   6   7 
MEMOIA: 
  0   1   1   2   3   4   5 
  0   2   3   4   4   5   6 
 -1  -1  -1  -1  -1  10  11 
 -1  -1  -1  -1  -1  -1  12 

n:2 r:4

BENEFICIOS: 
  0   1   1   2   3   4   5 
  0   2   3   3   3   4   6 
  5   0   1   1   2   2   2 
  0   2   3   4   5   6   7 
MEMOIA: 
  0   1   1   2   3   4   5 
  0   2   3   4   4   5   6 
 -1  -1  -1  -1  -2  10  11 
 -1  -1  -1  -1  -1  -1  12 

n:2 r:3

BENEFICIOS: 
  0   1   1   2   3   4   5 
  0   2   3   3   3   4   6 
  5   0   1   1   2   2   2 
  0   2   3   4   5   6   7 
MEMOIA: 
  0   1   1   2   3   4   5 
  0   2   3   4   4   5   6 
 -1  -1  -1  -1   9  10  11 
 -1  -1  -1  -1  -1  -1  12 

n:2 r:2

BENEFICIOS: 
  0   1   1   2   3   4   5 
  0   2   3   3   3   4   6 
  5   0   1   1   2   2   2 
  0   2   3   4   5   6   7 
MEMOIA: 
  0   1   1   2   3   4   5 
  0   2   3   4   4   5   6 
 -1  -1  -1  -1   9  10  11 
 -1  -1  -1  -1  -1  -1  12 

n:2 r:1

BENEFICIOS: 
  0   1   1   2   3   4   5 
  0   2   3   3   3   4   6 
  5   0   1   1   2   2   2 
  0   2   3   4   5   6   7 
MEMOIA: 
  0   1   1   2   3   4   5 
  0   2   3   4   4   5   6 
 -1  -1  -1  -1   9  10  11 
 -1  -1  -1  -1  -1  -1  12 

n:2 r:0

BENEFICIOS: 
  0   1   1   2   3   4   5 
  0   2   3   3   3   4   6 
  5   0   1   1   2   2   2 
  0   2   3   4   5   6   7 
MEMOIA: 
  0   1   1   2   3   4   5 
  0   2   3   4   4   5   6 
 -1  -1  -1  -1   9  10  11 
 -1  -1  -1  -1  -1  -1  12 

n:3 r:3

BENEFICIOS: 
  0   1   1   2   3   4   5 
  0   2   3   3   3   4   6 
  5   0   1   1   2   2   2 
  0   2   3   4   5   6   7 
MEMOIA: 
  0   1   1   2   3   4   5 
  0   2   3   4   4   5   6 
 -1  -1  -1  -1   9  10  11 
 -1  -1  -1  -1  -1  -1  12 

n:2 r:3

BENEFICIOS: 
  0   1   1   2   3   4   5 
  0   2   3   3   3   4   6 
  5   0   1   1   2   2   2 
  0   2   3   4   5   6   7 
MEMOIA: 
  0   1   1   2   3   4   5 
  0   2   3   4   4   5   6 
 -1  -1  -1  -2   9  10  11 
 -1  -1  -1  -1  -1  -1  12 

n:2 r:2

BENEFICIOS: 
  0   1   1   2   3   4   5 
  0   2   3   3   3   4   6 
  5   0   1   1   2   2   2 
  0   2   3   4   5   6   7 
MEMOIA: 
  0   1   1   2   3   4   5 
  0   2   3   4   4   5   6 
 -1  -1  -1   9   9  10  11 
 -1  -1  -1  -1  -1  -1  12 

n:2 r:1

BENEFICIOS: 
  0   1   1   2   3   4   5 
  0   2   3   3   3   4   6 
  5   0   1   1   2   2   2 
  0   2   3   4   5   6   7 
MEMOIA: 
  0   1   1   2   3   4   5 
  0   2   3   4   4   5   6 
 -1  -1  -1   9   9  10  11 
 -1  -1  -1  -1  -1  -1  12 

n:2 r:0

BENEFICIOS: 
  0   1   1   2   3   4   5 
  0   2   3   3   3   4   6 
  5   0   1   1   2   2   2 
  0   2   3   4   5   6   7 
MEMOIA: 
  0   1   1   2   3   4   5 
  0   2   3   4   4   5   6 
 -1  -1  -1   9   9  10  11 
 -1  -1  -1  -1  -1  -1  12 

n:3 r:2

BENEFICIOS: 
  0   1   1   2   3   4   5 
  0   2   3   3   3   4   6 
  5   0   1   1   2   2   2 
  0   2   3   4   5   6   7 
MEMOIA: 
  0   1   1   2   3   4   5 
  0   2   3   4   4   5   6 
 -1  -1  -1   9   9  10  11 
 -1  -1  -1  -1  -1  -1  13 

n:2 r:2

BENEFICIOS: 
  0   1   1   2   3   4   5 
  0   2   3   3   3   4   6 
  5   0   1   1   2   2   2 
  0   2   3   4   5   6   7 
MEMOIA: 
  0   1   1   2   3   4   5 
  0   2   3   4   4   5   6 
 -1  -1  -2   9   9  10  11 
 -1  -1  -1  -1  -1  -1  13 

n:2 r:1

BENEFICIOS: 
  0   1   1   2   3   4   5 
  0   2   3   3   3   4   6 
  5   0   1   1   2   2   2 
  0   2   3   4   5   6   7 
MEMOIA: 
  0   1   1   2   3   4   5 
  0   2   3   4   4   5   6 
 -1  -1   8   9   9  10  11 
 -1  -1  -1  -1  -1  -1  13 

n:2 r:0

BENEFICIOS: 
  0   1   1   2   3   4   5 
  0   2   3   3   3   4   6 
  5   0   1   1   2   2   2 
  0   2   3   4   5   6   7 
MEMOIA: 
  0   1   1   2   3   4   5 
  0   2   3   4   4   5   6 
 -1  -1   8   9   9  10  11 
 -1  -1  -1  -1  -1  -1  13 

n:3 r:1

BENEFICIOS: 
  0   1   1   2   3   4   5 
  0   2   3   3   3   4   6 
  5   0   1   1   2   2   2 
  0   2   3   4   5   6   7 
MEMOIA: 
  0   1   1   2   3   4   5 
  0   2   3   4   4   5   6 
 -1  -1   8   9   9  10  11 
 -1  -1  -1  -1  -1  -1  13 

n:2 r:1

BENEFICIOS: 
  0   1   1   2   3   4   5 
  0   2   3   3   3   4   6 
  5   0   1   1   2   2   2 
  0   2   3   4   5   6   7 
MEMOIA: 
  0   1   1   2   3   4   5 
  0   2   3   4   4   5   6 
 -1  -2   8   9   9  10  11 
 -1  -1  -1  -1  -1  -1  13 

n:2 r:0

BENEFICIOS: 
  0   1   1   2   3   4   5 
  0   2   3   3   3   4   6 
  5   0   1   1   2   2   2 
  0   2   3   4   5   6   7 
MEMOIA: 
  0   1   1   2   3   4   5 
  0   2   3   4   4   5   6 
 -1   7   8   9   9  10  11 
 -1  -1  -1  -1  -1  -1  13 

n:3 r:0

BENEFICIOS: 
  0   1   1   2   3   4   5 
  0   2   3   3   3   4   6 
  5   0   1   1   2   2   2 
  0   2   3   4   5   6   7 
MEMOIA: 
  0   1   1   2   3   4   5 
  0   2   3   4   4   5   6 
 -1   7   8   9   9  10  11 
 -1  -1  -1  -1  -1  -1  13 

n:2 r:0

BENEFICIOS: 
  0   1   1   2   3   4   5 
  0   2   3   3   3   4   6 
  5   0   1   1   2   2   2 
  0   2   3   4   5   6   7 
MEMOIA: 
  0   1   1   2   3   4   5 
  0   2   3   4   4   5   6 
 -2   7   8   9   9  10  11 
 -1  -1  -1  -1  -1  -1  13 


BENEFICIOS: 
  0   1   1   2   3   4   5 
  0   2   3   3   3   4   6 
  5   0   1   1   2   2   2 
  0   2   3   4   5   6   7 
MEMOIA: 
  0   1   1   2   3   4   5 
  0   2   3   4   4   5   6 
  5   7   8   9   9  10  11 
 -1  -1  -1  -1  -1  -1  13 

Solución: 13
